1,-0.20101137
1,0
,
1,-0.20730117
1,1.2771084
,
1,1.282258
1,0.99197859
1,-0.40202275
,
,
1,1.268617
1,1.1070496
,
1,-0.33375314
1,1.487968
1,1.482024
1,-0.13468869
,
,
1,1.5484728
,
1,0.20730117
1,1.3417722
1,1.4039735
1,1.0114504
,
1,0.071621619
,
1,0.068387099
1,1.3366961
1,1.5410873
,
1,-0.33715013
,
,
1,0.21171771
1,-0.53400505
,
1,1.7005347
,
1,0.20177665
1,-0.70198673
,
1,-0.34595302
,
1,1.6121674
1,1.6145695
,
1,-0.35192564
,
1,-0.66834807
,
1,0.28005284
,
1,-0.91258276
,
,
,
1,-0.47381866
1,-0.73704171
,
1,-0.71524966
,
1,1.5708762
1,-0.84687084
1,-0.53875476
1,1.7420986
,
1,-0.35762483
1,-0.61469072
,
1,-0.78571427
1,-0.86885244
1,-0.5
1,1.7526455
1,-0.60687023
,
1,1.7666667
1,1.7596282
,
1,-0.85026735
,
,
1,-0.93108106
,
,
,
,
,
1,-1.0025221
,
,
1,-0.99865413
,
,
1,-0.99197859
,
,
,
1,-1.0671141
,
,
,
,
,
,
,
,
,
,
,
,
,
,
,
,
,
,
,
,
,
,
,
,
,
,
,
,
,
,
,
,
,
,
,
,
,
,
,
,
,
,
,
,
,
,
,
,
,
,
,
,
,
,
,
,
,
,
,
,
,
,
,
,
,
,
,
,
,
,
,
,
,
,
,
,
,
,
,
,
,
,
,
,
,
,
,
,
,
,
,
,
,
,
,
,
,
,
,
,
,
,
,
,
,
,
,
,
,
,
,
,
,
,
,
,
,
,
,
,
,
,
,
,
,
,
,
,
0,-0.83333331
,
,
0,-0.64711404
0,-0.65037704
0,1.7474846
,
,
,
,
,
0,-0.74863386
,
,
,
,
0,1.6923076
,
0,1.8260326
,
,
,
,
,
,
,
,
,
,
,
,
,
,
,
1,-0.31955299
1,0.008105509
1,-0.14861462
1,1.2479055
1,-0.17262504
1,0.051259775
1,0.16211018
,
1,0.72616214
1,-0.1617768
1,1.0926427
1,-0.32909656
1,1.3197262
1,-0.48011339
1,0.49535596
1,-0.29581043
1,1.2401428
1,1.2543712
1,0.28326476
,
,
1,0.79784459
1,0.082413554
,
1,0.73142725
,
,
1,-0.40734306
1,0.78470379
,
1,1.159247
1,0.95566231
1,0.154047
1,0.23375165
,
1,0.57890767
1,-0.27672279
1,1.5481522
,
1,1.4775661
1,0.92820829
0,-0.61595923
,
1,-0.2821739
,
1,0.49402884
,
1,0.56169903
1,1.4672987
1,1.3506609
0,-0.69416523
1,1.1497532
,
1,1.4237192
0,-0.38547996
0,0.42108151
,
,
1,-0.37964278
,
1,0.3904511
1,0.2444714
1,0.17553897
1,-0.62834811
1,-0.86725038
,
1,1.7766201
0,-0.92326498
1,-0.48559672
0,-0.85059863
,
1,0.52054858
1,-0.35639757
,
0,-0.69968468
,
1,1.7047026
,
0,-1.0769178
,
,
1,-0.7549904
,
1,1.5686176
1,1.7085203
0,-1.0056665
,
1,-0.60515589
,
,
,
,
,
,
,
,
,
,
,
,
,
,
,
,
,
,
,
,
,
,
,
,
,
,
,
,
,
,
,
,
,
,
,
,
,
,
,
,
,
,
,
,
,
,
,
,
,
,
,
,
,
,
,
,
,
,
,
,
,
,
,
,
,
,
,
,
,
,
,
,
,
,
,
,
,
,
,
,
,
,
,
,
,
,
,
,
,
,
,
,
,
,
,
,
,
,
,
,
,
,
,
,
,
,
,
,
,
,
,
,
,
,
,
,
,
,
,
,
,
,
,
,
,
,
,
,
,
,
,
,
,
,
,
,
,
,
,
,
,
,
,
,
,
,
,
,
,
,
,
,
,
,
,
,
,
,
,
,
,
,
,
,
,
,
,
,
,
,
,
,
,
,
,
,
,
,
,
,
,
,
,
,
,
,
,
,
,
,
,
,
,
,
,
,
,
,
,
,
,
,
,
,
,
,
,
,
,
,
,
,
,
,
,
,
,
,
,
,
,
,
,
,
,
,
,
,
,
,
,
,
,
,
,
,
,
,
,
,
,
,
,
,
,
,
,
,
,
,
,
,
,
,
,
,
,
,
,
,
,
,
,
,
,
,
,
,
,
,
,
,
,
,
,
,
,
,
,
,
,
,
,
,
,
,
,
,
,
,
,
,
,
,
,
,
,
,
,
,
,
,
,
,
,
,
,
,
,
,
,
,
,
,
,
,
,
,
0,0.2857143
0,-1
0,-0.5
0,1.5714285
,
,
0,1.7857143
0,-0.9285714
0,0.64285713
0,1.7142857
0,0.5
0,1.5714285
0,0.64285713
0,-0.9285714
0,-1
0,-0.78571427
0,1.5714285
0,-0.85714287
0,-0.71428573
0,-0.85714287
0,1.7857143
0,-0.78571427
0,-0.78571427
0,-0.78571427
0,-1.0714285
0,-1
0,-0.9285714
0,1.5714285
0,1.7857143
0,1.7857143
0,1.7857143
0,-1.0714285
0,1.9285715
,
1,-0.55974746
1,0.76188827
,
1,0.093413867
,
1,-0.11519094
1,0.84525371
1,-0.33325383
1,1.1100117
1,-0.66255593
1,1.1987281
1,-0.37827227
1,0.66590136
1,0.0017477173
1,0.59484953
1,-0.0275378
1,0.15762685
1,0.94150281
,
1,0.021317316
,
,
1,-0.010140119
1,0.93687373
1,1.0621775
1,-0.17290655
1,0.73642308
,
1,0.82429785
1,0.54888111
1,0.70214504
,
1,-0.01073293
1,0.15866393
1,1.2809011
1,-0.80414522
1,0.048795193
1,1.0773942
,
,
,
1,0.52213532
1,0.58998924
,
1,1.1540399
1,0.82826596
1,1.3427734
1,-0.98889685
1,-0.16781282
1,0.4954955
1,-0.27223104
1,0.57543284
,
1,1.4138246
,
1,-0.16495125
1,-0.073372431
1,0.70785069
1,0.19059075
1,1.322317
,
,
1,1.4529639
,
,
1,0.17493232
1,0.63991404
,
1,-0.32478136
1,0.6379379
1,0.87707382
1,1.108871
,
1,1.226907
1,0.67763424
1,-0.4626911
1,1.4661579
1,0.54565465
1,-0.25957152
1,-0.093384571
,
1,-0.34989274
1,-0.16495006
,
1,0.031136552
1,1.1472316
1,-0.30673537
1,0.59690273
1,1.0752394
,
1,0.95369667
,
1,0.83048558
,
1,1.4751244
1,0.88571346
1,0.47017965
,
1,0.89500254
1,0.0010478076
1,-0.10479045
1,0.60413581
,
1,0.85539478
1,-0.12366631
1,-0.85633773
1,0.48163569
1,0.47107282
,
1,-0.30698195
1,1.0419606
1,1.1348124
1,-0.012832817
,
1,-0.082056984
1,1.401324
,
1,-0.31153455
1,0.14821556
1,1.2220826
,
1,0.19332168
1,1.1870278
1,1.8222004
1,1.0073644
,
,
1,1.6594827
,
,
,
1,0.4520534
1,1.3118217
1,-0.16423793
,
1,-0.38511002
,
,
1,0.64130747
1,-0.11427749
1,1.0504876
1,1.3698378
,
1,1.9112324
,
1,-0.31559318
,
1,-1.0215386
1,1.1892885
1,1.536831
1,0.86981916
1,0.51863027
1,-0.40004143
,
1,0.696661
1,1.6130223
1,1.5081788
,
,
,
,
1,0.13987423
1,0.869721
1,-0.19903184
,
1,0.91959667
1,0.74016666
1,-0.46448907
,
1,1.8390253
,
1,1.8487684
,
1,1.9592319
1,1.9258702
1,1.7540593
,
1,1.3287154
,
,
,
1,0.35944277
1,-0.42121106
,
,
1,-0.521869
,
1,0.40858766
,
,
1,0.21736462
,
1,1.4888215
1,1.6854906
,
1,-0.24764377
1,1.6924115
,
,
1,0.39817107
,
,
1,1.7550179
,
,
,
,
,
,
1,1.5616926
,
1,1.57845
,
1,1.0587832
,
,
1,0.35462886
,
,
1,1.7225746
1,1.4584669
,
,
1,-0.73347306
1,0.054290768
,
,
,
,
,
,
,
,
,
1,0.31582108
,
,
,
,
1,1.5472554
,
,
,
,
1,-0.64623684
,
,
,
,
,
,
,
,
,
,
,
,
,
,
,
,
,
,
,
,
,
,
,
,
,
,
,
,
,
,
,
,
,
,
,
,
,
,
,
,
,
,
,
,
,
,
,
,
,
,
,
,
,
,
,
,
,
,
,
,
,
,
,
,
,
,
,
,
,
,
,
,
,
,
,
,
,
,
,
,
,
,
,
,
,
,
,
,
,
,
,
,
,
,
,
,
,
,
,
,
,
,
,
,
,
,
,
,
,
,
,
,
,
,
,
,
,
,
,
,
,
,
,
,
,
,
,
,
,
,
,
,
,
,
,
,
,
,
,
,
,
,
,
,
,
,
,
,
,
,
,
,
,
,
,
,
,
,
,
,
,
,
,
,
,
,
,
,
,
,
,
,
,
,
,
,
,
,
,
,
,
,
,
,
,
,
,
,
,
,
,
,
,
,
,
,
,
,
,
,
,
,
,
,
,
,
,
,
,
,
,
,
,
,
,
,
,
,
,
,
,
,
,
,
,
,
,
,
,
,
,
,
,
,
,
,
,
,
,
,
,
,
,
,
,
,
,
,
,
,
,
,
,
,
,
,
,
,
,
,
,
,
,
,
,
,
,
1,-0.11970487
1,0.76756811
1,-0.26644132
1,-0.12381497
1,0.67591643
1,-0.25185186
1,-0.18285269
1,0.031384617
1,1.0843822
1,-0.094444446
1,-0.21578172
1,-0.33381063
,
1,-0.036370102
1,0.027782839
1,-0.11412228
1,-0.1265247
1,1.232342
1,0.61178911
1,-0.28580323
1,0.031269159
,
1,0.79377443
1,0.66233766
1,0.75906438
1,1.3079958
1,-0.22607765
1,0.81841832
1,-0.1075722
1,-0.32480389
1,0.031500928
1,1.1350973
1,0.15692307
1,0.021294404
1,0.94163579
1,0.92092156
,
1,-0.021702169
1,-0.39591423
1,0.079488777
1,0.61303747
1,0.70637119
1,0.064139418
1,0.75076669
1,-0.06398996
1,1.1644102
1,0.83451682
1,1.464582
1,0.66680294
1,0.72809863
1,-0.39851949
1,0.17067555
,
1,-0.10910758
1,1.2129965
1,-0.15967439
,
1,-0.30312032
1,0.14655173
1,1.0292201
1,0.91773778
1,0.06329114
1,0.97532386
1,0.15809052
1,1.1011721
1,-0.25637344
1,0.89601624
1,-0.36642718
1,0.89501232
1,0.76021576
1,0.22495274
1,0.52719676
1,-0.18946858
1,0.10331732
1,-0.24002968
1,0.95401412
1,1.090822
,
,
1,0.91616768
1,1.6108655
1,0.60355037
0,0.559322
1,1.3563828
1,0.95108527
1,0.28724566
1,1.0578252
1,0.2192716
1,0.85911185
1,1.4547753
1,0.80340266
1,-0.53222835
1,1.3068546
1,1.0168225
1,0.27222341
1,0.83239174
0,1.2799835
1,1.319243
1,0.63326919
1,0.57378119
1,0.27848098
1,0.71347147
1,1.2175916
1,1.5968051
1,0.30616114
1,0.99641812
1,1.0759493
,
1,0.5752371
1,0.94143856
1,-0.39510047
,
1,0.23466258
1,1.4702114
1,0.72169811
1,1.5447479
,
,
1,1.2032132
1,1.3783784
,
1,1.3958944
,
,
1,-0.4621875
,
,
1,0.64638782
1,0.99184442
1,0.32015067
,
1,0.46875
,
1,0.2709375
,
1,1.305442
,
1,0.32577783
1,1.427027
,
0,0.42971644
1,-0.36507937
,
,
1,1.771952
,
,
1,0.53617811
0,1.3326161
1,1.5563824
1,-0.52411908
1,1.5365249
1,1.7
1,1.7260536
,
1,1.6231699
,
1,0.47979465
,
1,1.6267644
,
0,1.4131383
0,1.6027056
,
,
1,1.4744451
,
,
1,0.46375683
,
0,0.38335919
,
,
,
,
,
,
,
,
,
1,1.681915
,
,
,
,
,
0,1.6513076
,
,
,
1,1.7350187
,
,
,
,
,
,
1,1.6187828
1,1.8186449
,
,
1,1.8120998
,
1,1.8123124
,
,
0,1.8054231
,
,
,
,
,
,
,
,
,
,
,
,
,
,
,
,
,
,
,
,
,
,
,
,
,
,
,
,
,
,
,
,
,
,
,
,
,
,
,
,
,
,
,
,
,
,
,
,
,
,
,
,
,
,
,
,
,
,
,
,
,
,
,
,
,
,
,
,
,
,
,
,
,
,
,
,
,
,
,
,
,
,
,
,
,
,
,
,
,
,
,
,
,
,
,
,
,
,
,
,
,
,
,
,
,
,
,
,
,
,
,
,
,
,
,
,
,
,
,
,
,
,
,
,
,
,
,
,
,
,
,
,
,
,
,
,
,
,
,
,
,
,
,
,
,
,
,
,
,
,
,
,
,
,
,
,
,
,
,
,
,
,
,
,
,
,
,
,
,
,
,
,
,
,
,
,
,
,
,
,
,
,
,
,
,
,
,
,
,
,
,
,
,
,
,
,
,
,
,
,
,
,
,
,
,
,
,
,
,
,
,
,
,
,
,
,
,
,
,
,
,
,
,
,
,
,
,
,
,
,
,
,
,
,
,
,
,
,
,
,
,
,
,
,
,
,
,
,
,
,
,
,
,
,
,
,
,
,
,
,
,
,
,
,
,
,
,
,
,
,
,
,
,
,
,
,
,
,
,
,
,
,
,
,
,
,
,
,
,
,
,
,
,
,
,
,
,
,
,
,
,
,
,
,
,
,
,
,
,
,
,
,
,
,
,
,
,
,
,
,
,
,
,
,
,
,
,
,
,
,
,
,
,
,
,
,
,
,
,
,
,
,
,
,
,
,
,
,
,
,
,
,
,
,
,
,
,
,
,
,
,
,
,
,
,
,
,
,
1,-0.031042965
1,-0.2279748
1,0.039862376
,
1,0.73635828
1,-0.06719368
1,-0.083531514
1,-0.40886348
1,0.16129778
1,0.016478721
1,-0.24085109
1,0.18942101
,
1,0.53381294
,
1,0.15991317
1,-0.35000005
1,-0.2008664
,
1,-0.19601329
1,-0.56325948
1,1.0396767
1,0.64884394
1,-0.15287839
1,0.20387532
1,1.3660774
1,0.80935556
1,-0.3964172
1,1.2364963
1,0.94833761
1,0.94214284
1,0.15687732
,
1,0.33126926
,
1,-0.4421365
1,1.1510912
1,0.16747274
1,-0.35558182
,
1,-0.29583803
,
1,1
1,0.41473988
1,1.5265254
1,-0.57906139
1,0.90559435
1,0.38636374
,
1,0.39486888
,
1,1.1239597
1,-0.63400578
1,1.1574343
1,1.2913455
1,-0.71765548
,
1,-0.25427878
1,-0.81038213
1,1.3204086
1,-0.54704869
,
1,-0.4097524
1,1.233482
1,1.0796754
1,0.3297002
1,1.0819672
1,1.5567853
1,-0.41965607
1,0.41893831
1,0.33430022
1,1.54
1,0.89947248
1,-0.96611392
1,1.5223935
1,0.70033294
1,-0.35581061
1,-0.58226895
1,1.6425887
1,-0.6179775
1,-0.86428565
1,-0.69573516
1,-0.42877853
1,1.4008908
1,-0.49731666
1,1.5311476
,
1,0.42770627
1,1.7709695
1,-0.41454726
,
1,0.40484938
1,1.4565216
1,-1.000286
1,1.7719389
1,-0.74455297
1,-0.80854791
1,-1.1356813
1,-0.77313435
1,-1.1646663
,
1,1.862119
1,1.6004448
1,-0.6109128
1,1.4432836
1,1.5487804
,
,
1,1.7627392
1,1.5346534
1,-0.82202446
1,1.7568182
,
,
1,1.5219331
1,-1.31136
,
,
1,1.310702
,
1,-0.96039611
1,1.8163265
1,-1.1593831
1,-1.2516176
1,1.0608108
,
,
,
1,1.5250561
1,-1.0023924
,
1,1.7096773
1,-0.72361261
,
1,-1.3079973
1,-1.2064517
,
1,-1.3098115
,
,
1,-1.2513795
1,-0.94086951
,
1,1.222973
1,1.6912651
,
1,1.8722949
,
,
1,1.8365736
1,1.7474048
1,1.0889236
1,-0.056244221
1,1.0855747
1,1.0069681
1,1.4004515
1,-0.094091013
1,0.010807487
1,1.0675089
1,1.2614079
1,0.97361732
1,0.85003752
1,0.89759719
,
1,-0.010575376
,
1,-0.19672135
1,1.5019715
1,-0.10777381
1,1.2113558
1,0.84730184
1,-0.22874251
1,-0.18611181
1,1.413343
1,1.3536429
1,-0.032444265
1,1.340783
1,0.82847214
1,1.2396972
1,-0.15618661
1,1.5846152
1,0.036492858
,
1,0.73931205
1,1.4675325
1,-0.15513627
1,0.16058905
1,0.75866055
1,0.89572388
1,-0.0014054814
1,0.83939892
1,1.0823359
1,0.93834513
1,1.0930527
1,1.0319419
1,0.82471341
1,0.75754505
1,-0.36794147
,
1,-0.25937858
1,-0.24877493
1,1.4222223
,
,
1,-0.34037074
1,0.67505407
1,-0.11725234
1,-0.2028136
1,-0.33614016
1,1.5277778
1,1.525507
1,1.1272839
1,0.8649928
1,0.052676119
1,0.23732394
1,-0.29325014
1,1.3311547
1,0.16352202
1,1.0962838
1,0.18114483
1,1.2880867
1,-0.38145417
1,-0.50459576
1,0.758645
1,0.7855677
1,-0.30828083
1,0.64981836
1,-0.54580158
,
1,-0.4364
1,1.2802511
1,-0.30659026
1,0.66823721
1,0.11471938
1,1.142246
,
1,0.10492505
1,1.0777626
1,0.31736514
1,0.20681858
1,0.26530609
1,0.22140008
1,1.7363887
1,0.68758565
1,1.6505363
1,1.5676986
1,-0.39942431
1,1.2290471
,
1,-0.29775882
1,0.1761872
1,1.4753301
1,1.6584837
1,0.5836522
,
1,1.1918117
,
1,0.39697054
,
,
1,-0.45738637
1,1.5801017
,
1,-0.13151364
1,1.6901709
1,1.6657927
1,1.73822
1,1.8597969
1,1.653125
1,-0.59631145
1,0.73535717
,
1,1.7216573
1,1.8189656
1,0.63267034
1,0.71232879
1,1.7967329
1,0.27648285
,
1,1.6567737
1,1.9384645
1,-0.59524524
,
,
,
1,0.639494
1,1.7384454
1,0.61080766
1,-0.59173775
1,-0.48131007
1,1.6927751
1,0.33510074
,
1,-0.6512354
1,-0.59708601
,
,
1,-0.53794265
,
,
1,0.52970296
1,1.9013637
,
,
1,1.9556754
1,-0.85581386
,
,
,
1,-0.69972259
,
,
1,-0.4922494
,
1,-0.52065408
,
1,-0.85284865
,
1,-0.65050507
,
1,-0.75753331
1,-0.76142037
1,-0.86623019
1,-0.75905997
,
,
,
,
,
1,-0.62508911
1,-0.77883309
,
1,2.0205026
1,-0.7059859
,
1,-1.304368
,
,
,
1,-0.76863408
1,-1.1155462
,
,
1,1.8870095
,
,
1,-0.91403627
,
,
,
1,-0.73793101
1,-0.98375869
,
,
,
,
,
,
,
,
,
1,-1.0334088
,
,
1,-0.90937942
,
,
,
,
1,-1.1201022
,
,
,
1,-1.0288785
,
,
,
,
,
1,-0.22232175
1,-0.26064673
1,0.0058468091
1,-0.39665607
1,-0.13339517
1,-0.43964589
1,-0.13894171
1,-0.52644682
,
1,-0.14573343
1,-0.6167441
1,0.8899346
,
1,-0.5572831
1,-0.73173797
1,0.095158406
1,-0.83426231
1,-0.74818832
1,1.0070792
1,0.65298039
1,0.054277331
1,-0.60581124
1,0.82020205
1,-0.71653175
1,0.71723658
1,0.8348816
,
1,-0.91581893
1,0.60499626
,
1,0.85157079
,
,
1,-1.0090364
1,1.2815682
1,0.99715281
1,0.86775637
1,1.3834367
1,0.15890555
1,0.96167332
1,-0.94894224
1,1.4343221
1,0.24952863
1,-0.98026049
,
1,-1.2246853
1,1.1663179
1,0.82884949
1,0.46032104
,
1,-1.0982949
1,1.2540555
1,0.55174732
,
1,0.60363144
1,-1.1988471
,
1,0.2118344
1,1.2442622
1,0.48998535
1,1.1770365
1,1.7276012
,
1,1.1613379
1,0.24914908
1,1.4906757
,
1,0.17415415
1,1.2179252
,
1,0.63327307
,
1,1.172648
1,0.60882664
1,2.0112934
1,1.4297236
1,1.8519139
,
,
,
,
1,1.3923126
1,1.0599244
1,1.5364194
1,0.74334538
1,0.5873943
1,0.50070125
1,1.4302417
,
1,0.71721727
1,0.39641386
,
1,1.3107362
1,1.8811793
,
1,1.426486
1,0.58373618
1,1.6424079
1,1.2824703
1,0.60396039
1,0.41504604
1,1.6774987
1,1.2511685
1,2.0061419
1,0.28206292
1,1.8882236
1,2.1889844
,
1,1.9443107
1,2.1647153
1,2.091033
1,2.1941924
1,1.5597358
,
1,1.7703828
1,1.9603783
1,1.6946366
1,1.1630354
1,1.8478979
1,1.9275472
1,2.1551545
,
1,2.1630323
1,1.576197
1,2.1067307
1,2.1137242
,
,
1,2.1016166
1,1.6197138
,
,
,
,
,
,
,
,
,
,
,
,
,
,
,
,
,
,
,
,
,
,
,
,
,
,
,
,
,
,
,
,
,
,
,
,
,
,
,
,
,
,
,
,
,
,
,
,
,
,
,
,
,
,
,
,
,
,
,
,
,
,
,
,
,
,
,
,
,
,
,
,
,
,
,
,
,
,
,
,
,
,
,
,
,
,
,
,
,
,
,
,
,
,
,
,
,
,
,
,
,
,
,
,
,
,
,
,
,
,
,
,
,
,
,
,
,
,
,
,
,
,
,
,
,
,
,
,
,
,
,
,
,
,
,
,
,
,
,
,
,
,
,
,
,
,
,
,
,
,
,
,
,
,
,
,
,
,
,
,
,
,
,
,
,
,
,
,
,
,
,
,
,
,
,
,
,
,
,
,
,
,
,
,
,
,
,
,
,
,
,
,
,
,
,
,
,
,
,
,
,
,
,
,
,
,
,
,
,
,
,
,
,
,
,
,
,
,
,
,
,
,
,
,
,
,
,
,
,
,
,
,
,
,
,
,
,
,
,
,
,
,
,
,
,
,
,
,
,
,
,
,
,
,
,
,
,
,
,
,
,
,
,
,
,
,
,
,
,
,
,
,
,
,
,
,
,
,
,
,
,
,
,
,
,
,
,
,
,
,
,
,
,
,
,
,
,
,
,
,
1,1.287284
1,-0.31909278
1,1.3497372
1,1.4354919
1,1.0502353
1,1.0599508
1,1.3600204
1,0.86147606
1,1.3152455
1,1.4683301
1,1.5695332
1,-0.41953728
1,1.1372108
,
,
1,1.2162423
,
,
1,1.2331705
,
1,1.1691915
1,1.0391527
1,-0.25466645
1,0.87151879
1,0.077753827
1,1.4714065
,
,
,
,
,
,
1,1.5578053
,
,
1,-0.6293487
0,0.69548434
1,-0.065329887
1,0.91255176
,
1,-0.38063118
,
0,0.5541417
1,-0.073663622
1,1.1813676
,
1,-0.14795588
,
,
,
1,1.7015975
,
,
1,0.075998925
1,-0.50093603
1,0.6472289
1,1.6424352
1,-0.50252128
1,-0.78938693
,
1,-0.52059829
,
,
1,0.096587248
1,-0.44073668
,
1,1.5271987
1,0.080602884
,
1,-0.079999998
,
,
1,-0.64474922
1,1.5126051
,
,
1,0.12366533
,
,
1,-0.70048624
,
1,0.26356369
1,-0.77096772
1,0.2609047
1,-0.87252867
,
1,1.3672241
,
,
,
1,0.084833607
1,-0.3384963
1,1.6756825
,
1,-0.59738135
1,-0.88659793
,
1,-1.0412606
,
1,0.10294118
1,-0.94224852
0,0.60496497
,
,
1,1.5191922
1,1.7567916
,
1,-0.087128714
1,0.45080385
,
,
,
1,1.7513103
,
1,-0.78436452
1,0.23102656
1,0.10918889
,
1,-1.2696563
,
,
,
1,-1.0784718
,
1,-0.83981234
,
,
,
,
1,0.23548813
,
,
,
,
,
,
,
,
,
,
,
,
,
,
,
,
,
1,-1.1743357
1,0.19151756
,
,
,
,
,
,
,
,
,
,
,
,
,
,
1,1.7167355
,
,
1,1.8129083
,
0,-1.199241
,
,
,
,
,
,
,
,
,
,
,
,
,
,
,
,
,
,
,
,
,
,
,
,
,
,
,
,
,
,
,
,
,
,
,
,
,
,
,
,
,
,
,
,
,
,
,
,
,
,
,
,
,
,
,
,
,
,
,
,
,
,
,
,
,
,
,
,
,
,
,
,
,
,
,
,
,
,
,
,
,
,
,
,
,
,
,
,
,
,
,
,
,
,
,
,
,
,
,
,
,
,
,
,
,
,
,
,
,
,
,
,
,
,
,
,
,
,
,
,
,
,
,
,
,
,
,
,
,
,
,
,
,
,
,
,
,
,
,
,
,
,
,
,
,
,
,
,
,
0,1.037652
0,0.83561367
0,0.81909996
0,1.2803359
,
,
,
,
,
0,1.1724571
0,1.0286455
0,0.63344127
0,-0.32788724
,
0,0.72738951
,
,
,
0,0.67371011
,
,
,
0,0.78129834
0,1.1166049
,
0,0.66665387
0,0.76813787
,
,
,
,
,
,
0,0.79686165
,
,
,
,
,
,
,
,
0,0.60784668
,
0,0.56950527
0,1.0181855
,
,
,
,
,
0,0.75862485
,
,
,
,
,
,
,
,
,
,
,
0,0.67043442
,
,
0,1.8545352
,
0,0.11588727
,
,
,
,
,
,
,
,
,
,
,
,
,
,
,
,
,
,
,
0,0.43841067
,
,
0,-0.32547194
0,-0.67494917
,
,
,
,
0,-0.69508028
,
0,-0.45116594
,
,
,
,
,
,
,
,
,
,
,
,
,
,
,
,
,
1,0.96923065
,
1,1.1923077
1,1.0769231
1,1.4497041
1,0.90384614
1,1.2797203
1,0.75
1,1.0549451
1,1.3538461
1,1.2136753
1,1.1615384
1,1.0641024
1,1.1538461
1,0.89230758
1,1.1999999
1,1.1692308
1,0.82417589
1,0.93406588
1,1.0549451
1,0.93269229
1,0.73076922
1,1.4615384
1,1.102564
1,-0.10769228
1,0.85897446
1,-0.23076923
1,1.3846154
1,1.5128206
1,0.60439563
1,0.79230762
1,0.73076922
0,-0.33846152
1,1.3296702
1,0.8351649
1,-0.030769201
1,0.76923078
1,-0.1923077
,
,
1,1.4102563
1,-0.40384614
1,0.6813187
1,1.4725274
1,1.6853148
,
1,0.69230771
1,-0.30769232
0,-0.20279723
1,0.70329666
0,-0.057692308
1,1.6153846
,
1,1.025641
0,-0.5
1,-0.3296704
1,0.44871786
1,0.092307754
1,-0.07692308
1,-0.33846152
,
0,-0.23076923
0,-0.55769229
0,0.53076935
0,-0.42307693
1,-0.53846157
1,0.62820524
1,0.72649562
1,0.025641074
1,0.80769229
,
1,0.63736254
1,0.60256398
1,0.15384616
0,-0.56410259
,
1,-0.37179491
1,0.23076923
1,-0.64835167
1,0.15384616
1,-0.11538462
,
1,1.6483516
0,-0.71153843
1,-0.51748246
1,0.10256415
1,1.6346154
1,-0.65934062
,
1,0.11538462
1,-0.07692308
1,-0.26573431
1,0.46153846
1,1.5934067
,
1,-0.5
,
1,-0.79487187
,
0,-0.21794876
1,-0.07692308
0,0.26923078
1,1.7606838
1,0.4871794
,
1,0.08974354
0,0.42307693
1,-0.73076922
1,0.56410247
,
0,-0.5
0,-0.26923078
1,-0.7472527
0,-0.67032963
1,0.35897446
1,-0.75824177
,
,
,
1,-0.96703297
1,1.6593407
1,-0.58974355
0,-0.65384614
1,1.7008547
1,-0.86538464
,
0,-1.0384616
1,-0.97802192
,
1,-0.91538459
,
,
0,-0.58974355
,
0,-1.3589743
,
,
,
0,-1.2051282
1,-0.55128199
0,-1.0219781
1,-0.78205121
,
,
1,-1.0865384
,
0,-1.2747252
,
,
0,-1.2967032
,
0,-0.7564103
,
,
,
,
,
,
,
,
,
,
,
,
,
,
,
,
,
,
,
,
,
,
,
,
,
,
,
,
,
,
,
,
,
,
,
,
,
,
,
,
,
,
,
,
,
,
,
,
,
,
,
,
,
,
,
,
,
,
,
,
,
,
,
,
,
,
,
,
,
,
,
,
,
,
,
,
,
,
,
,
,
,
,
,
,
,
,
,
,
,
,
,
,
,
,
,
,
,
,
,
,
,
,
,
,
,
,
,
,
,
,
,
,
,
,
,
,
,
,
,
,
,
,
,
,
,
,
,
,
,
,
,
,
,
,
,
,
,
,
,
,
,
,
,
,
,
,
,
,
,
,
,
,
,
,
,
,
,
,
,
,
,
,
,
,
,
,
,
,
,
,
,
,
,
,
,
,
,
,
,
,
,
,
,
,
,
,
,
,
,
,
,
,
,
,
,
,
,
,
,
,
,
,
,
,
,
,
,
,
,
,
,
,
,
,
,
,
,
,
,
,
,
,
,
,
,
,
,
,
,
,
,
,
,
,
,
,
,
,
,
,
,
,
,
,
,
,
,
,
,
,
,
,
0,-0.574651
,
,
0,-0.54228461
,
0,-0.74630499
,
,
,
0,-0.33628252
,
,
0,-0.6313864
0,-0.58017957
,
0,-0.74122584
,
,
,
0,-0.38922018
,
0,-0.29245439
,
,
0,0.57036805
0,-0.16667967
0,-0.91377246
,
,
,
,
,
,
0,-0.62866777
0,-0.77458185
,
0,-0.44397643
0,-0.84463078
0,-0.24188003
,
,
,
,
,
,
0,-0.18856889
,
,
0,-0.13226658
,
,
,
0,-0.364375
,
,
,
0,0.45252812
,
0,0.74229079
0,-0.21272786
0,-0.16443183
,
0,0.76930839
0,0.059062108
0,-1.3837682
0,-0.82100898
,
0,-0.18019646
0,-1.1420962
1,1.5482385
,
,
0,-0.068092018
0,-0.3315497
,
,
,
,
,
0,-1.0102874
,
1,1.3324319
0,-0.96113771
,
0,-1.5442468
1,1.4151551
1,1.3097602
0,9.4239338e-05
,
,
,
1,1.426218
,
,
0,0.21104503
,
,
,
,
,
,
,
1,1.6553113
,
,
,
,
,
,
0,0.074047357
,
,
,
,
0,1.5053385
0,-1.0968196
,
0,-1.1411031
,
1,1.7573383
,
,
0,-1.618187
,
,
1,1.5273871
,
,
0,1.6318601
,
,
,
,
,
,
1,-1.1109992
,
,
,
,
,
,
,
,
,
,
,
,
,
,
,
,
,
1,2.0194511
,
1,1.9672636
,
,
,
,
,
,
,
,
,
