0.5657208,-0.20101137
0.45174208,0
0.73901135,0.9006536
0.30123526,-0.20730117
0.60206133,1.2771084
0.81407684,0.86885244
0.59963703,1.282258
0.70292622,0.99197859
0.53884172,-0.40202275
0.79625344,0.7601043
0.27743542,-0.13766234
0.70917982,1.268617
0.75911474,1.1070496
0.21150635,-0.34505209
0.53876817,-0.33375314
0.61973494,1.487968
0.65500355,1.482024
0.58719701,-0.13468869
0.70851958,0.69190603
0.49432012,0.63515311
0.72804159,1.5484728
0.57005179,0.67430025
0.62467957,0.20730117
0.75765324,1.3417722
0.7891326,1.4039735
0.77438647,1.0114504
0.54021293,0.20676203
0.57744527,0.071621619
0.58854622,0.67515922
0.65247416,0.068387099
0.76514101,1.3366961
0.71781927,1.5410873
0.61537504,0.27748692
0.55271792,-0.33715013
0.49327773,-0.53603035
0.80148196,0.6037975
0.51894408,0.21171771
0.50668603,-0.53400505
0.78273046,0.61948049
0.55252939,1.7005347
0.87619448,0.53400505
0.58734381,0.20177665
0.30804431,-0.70198673
0.41569221,-0.40979382
0.24947983,-0.34595302
0.91241813,0.53603035
0.80801678,1.6121674
0.76289213,1.6145695
0.39642006,0.42343542
0.15208662,-0.35192564
0.85687757,0.61311054
0.6029712,-0.66834807
0.58485913,0.55424839
0.43498802,0.28005284
0.5512566,0.34868422
0.30784506,-0.91258276
0.56365746,0.54081631
0.62838793,0.27821523
0.37636182,0.34505209
0.38238007,-0.47381866
0.59179366,-0.73704171
0.97379017,0.40050378
0.34642887,-0.71524966
0.71097994,0.53875476
0.58471155,1.5708762
0.29355547,-0.84687084
0.44416979,-0.53875476
0.8974666,1.7420986
0.73454154,0.40874037
0.18654329,-0.35762483
0.55621344,-0.61469072
0.075870275,-0.41191709
0.42928287,-0.78571427
0.56285018,-0.86885244
0.38107455,-0.5
0.54767692,1.7526455
0.32485759,-0.60687023
0.22321737,-0.69828725
0.52825475,1.7666667
0.71839547,1.7596282
0.36868846,-0.98018491
0.27582875,-0.85026735
0.35894901,-0.61707634
0.9404763,0.48181817
0.54120219,-0.93108106
0.32210258,-0.75032175
,
0.094069004,-0.81643134
0.2641173,-1.0571809
0.49922144,1.7074742
0.58782935,-1.0025221
0.57935452,1.6307693
-0.059073031,-1.1231788
0.51322794,-0.99865413
,
0.4821521,-1.0743244
0.34380755,-0.99197859
,
0.19840252,-0.68741894
,
0.47065854,-1.0671141
,
,
,
,
,
,
,
,
,
,
,
,
,
,
,
,
,
,
,
,
,
,
,
,
,
,
,
,
,
,
,
,
,
,
,
,
,
,
,
,
,
,
,
,
,
,
,
,
,
,
,
,
,
,
,
,
,
,
,
,
,
,
,
,
,
,
,
,
,
,
,
,
,
,
,
,
,
,
,
,
,
,
,
,
,
,
,
,
,
,
,
,
,
,
,
,
,
,
,
,
,
,
,
,
,
,
,
,
,
,
,
,
,
,
,
,
,
,
,
,
,
,
,
,
,
,
,
,
,
,
,
,
,
,
,
,
,
,
,
,
,
,
,
,
,
,
,
,
,
,
,
,
,
,
,
,
,
,
,
,
,
0.41770515,-0.24133912
0.33533293,-0.31955299
0.70118982,0.008105509
0.63177592,-0.14861462
1.0749929,1.2479055
0.55612874,-0.17262504
0.50416648,0.051259775
0.81802249,0.16211018
0.49059075,-0.32500571
0.73645747,0.72616214
0.40553376,-0.1617768
0.99614429,1.0926427
0.54848689,-0.32909656
1.1713495,1.3197262
0.53422999,-0.48011339
0.72044027,0.49535596
0.57280254,-0.29581043
1.1321666,1.2401428
0.89764321,1.2543712
0.53758711,0.28326476
2.2337618,0.53511375
0.37054488,-0.47463205
0.85006464,0.79784459
0.76312703,0.082413554
4.5660424,-0.39230874
0.60021359,0.73142725
0.69792455,-0.44705155
2.2078612,0.53114289
2.9872775,-0.40734306
0.65025735,0.78470379
2.5486302,0.45297503
1.2296312,1.159247
0.74548519,0.95566231
0.74336672,0.154047
0.80576336,0.23375165
0.67616224,-0.60102099
0.76821667,0.57890767
0.32618928,-0.27672279
1.217772,1.5481522
0.48339224,0.21039638
1.0814383,1.4775661
1.0279126,0.92820829
,
0.58216268,0.19431865
0.28765213,-0.2821739
0.73400182,0.90096927
0.78173929,0.49402884
2.6973791,0.38411459
0.85669863,0.56169903
1.3218489,1.4672987
0.85178638,1.3506609
7.6915674,-0.69416523
2.1204779,1.1497532
0.59719837,-0.63385755
0.7265588,1.4237192
4.9651265,-0.38547996
0.61579138,0.42108151
5.6020699,-0.6228407
2.4386365,0.52717096
0.58503383,-0.37964278
0.40728495,0.20235972
0.69376057,0.3904511
0.80064291,0.2444714
0.78736091,0.17553897
0.44974953,-0.62834811
0.51507515,-0.86725038
0.39048809,0.43969458
1.2233999,1.7766201
,
2.8989499,-0.48559672
5.5125074,-0.85059863
0.91140854,0.59477437
0.82845938,0.52054858
0.372978,-0.35639757
0.45960444,-0.94552147
6.0744128,-0.69968468
0.58322376,-0.34410593
1.2083583,1.7047026
,
,
0.63010395,-0.78621715
0.38138327,-1.1761694
0.72538656,-0.7549904
,
0.84093142,1.5686176
1.0707784,1.7085203
,
3.3589866,-0.78068012
0.40265167,-0.60515589
,
2.7451205,-0.5638575
0.52718973,-0.4965694
0.80646873,1.6430141
0.32681167,-0.42923817
1.6627885,1.8412226
,
,
0.53344637,-1.0182179
0.5764271,-0.7834484
1.9962611,1.5941572
0.86638749,1.5865002
,
0.28404164,-0.61205
,
3.6600575,-1.0112437
,
,
,
,
,
1.4903464,1.8386949
0.89469934,1.6404641
2.9737449,-1.0908946
,
,
,
,
,
,
,
,
,
,
,
,
,
,
,
,
,
,
,
,
,
,
,
,
,
,
,
,
,
,
,
,
,
,
,
,
,
,
,
,
,
,
,
,
,
,
,
,
,
,
,
,
,
,
,
,
,
,
,
,
,
,
,
,
,
,
,
,
,
,
,
,
,
,
,
,
,
,
,
,
,
,
,
,
,
,
,
,
,
,
,
,
,
,
,
,
,
,
,
,
,
,
,
,
,
,
,
,
,
,
,
,
,
,
,
,
,
,
,
,
,
,
,
,
,
,
,
,
,
,
,
,
,
,
,
,
,
,
,
,
,
,
,
,
,
,
,
,
,
,
,
,
,
,
,
,
,
,
,
,
,
,
,
,
,
,
,
,
,
,
,
,
,
,
,
,
,
,
,
,
,
,
,
,
,
,
,
,
,
,
,
,
,
,
,
,
,
,
,
,
,
,
,
,
,
,
,
,
,
,
,
,
,
,
,
,
,
,
,
,
,
,
,
,
,
,
,
,
,
,
,
,
,
,
,
,
,
,
,
,
,
,
,
,
,
,
,
,
,
,
,
,
,
,
,
,
,
,
,
,
,
,
,
,
,
,
,
,
,
,
,
,
,
,
,
,
,
,
,
,
,
,
,
,
,
,
,
,
,
,
,
,
,
,
,
,
,
,
,
,
,
,
,
,
,
,
,
,
,
,
,
,
,
,
,
,
,
,
,
,
,
,
,
,
,
,
,
,
0.42032516,-0.55974746
1.4070368,0.76188827
-0.56004298,-0.5360657
0.64715445,0.093413867
,
0.49643463,-0.11519094
1.2981403,0.84525371
0.50363505,-0.33325383
1.3915741,1.1100117
0.67717725,-0.66255593
1.3822851,1.1987281
0.51182044,-0.37827227
1.3346722,0.66590136
0.57367498,0.0017477173
1.2943797,0.59484953
0.63458157,-0.0275378
0.57405186,0.15762685
1.3106034,0.94150281
,
0.55184907,0.021317316
,
,
0.65483904,-0.010140119
1.0238597,0.93687373
1.3432016,1.0621775
0.55293226,-0.17290655
1.0732963,0.73642308
,
1.2898105,0.82429785
1.0942839,0.54888111
1.3524168,0.70214504
0.57173288,0.17609158
0.52258807,-0.01073293
0.70480525,0.15866393
1.3951221,1.2809011
0.57460475,-0.80414522
0.71646148,0.048795193
1.2662145,1.0773942
,
0.47490466,-0.2841154
,
1.0453854,0.52213532
1.3478043,0.58998924
,
1.284808,1.1540399
1.0147461,0.82826596
1.3740274,1.3427734
,
0.51955807,-0.16781282
1.0156509,0.4954955
0.5711239,-0.27223104
1.0657436,0.57543284
1.0006266,0.83647382
1.2431831,1.4138246
,
0.66165888,-0.16495125
0.616548,-0.073372431
1.2342201,0.70785069
0.54855931,0.19059075
1.3073556,1.322317
,
,
1.3424194,1.4529639
0.37844208,-0.045234639
0.43756282,-0.36141372
0.53219223,0.17493232
1.0502788,0.63991404
0.7277571,0.17815462
0.4593097,-0.32478136
1.0395389,0.6379379
1.18311,0.87707382
1.0726509,1.108871
,
1.2091014,1.226907
1.3089643,0.67763424
0.4439984,-0.4626911
1.2981566,1.4661579
1.355737,0.54565465
0.40155149,-0.25957152
0.35465983,-0.093384571
0.63475549,-0.10675634
0.44143447,-0.34989274
0.5687288,-0.16495006
0.42181796,0.093678884
0.56539321,0.031136552
1.1797128,1.1472316
0.47658139,-0.30673537
0.88332117,0.59690273
1.2323678,1.0752394
0.23960197,-0.44327998
1.3639367,0.95369667
0.91180813,0.70098811
1.0480371,0.83048558
,
1.3276684,1.4751244
0.9117161,0.88571346
0.99410033,0.47017965
1.0131505,0.68801177
1.1893554,0.89500254
0.56636369,0.0010478076
0.57802397,-0.10479045
1.1164652,0.60413581
,
1.257268,0.85539478
0.61408132,-0.12366631
0.52809155,-0.85633773
1.1299989,0.48163569
1.3057725,0.47107282
,
0.46471736,-0.30698195
1.1022663,1.0419606
1.2308172,1.1348124
0.38703841,-0.012832817
,
0.51109833,-0.082056984
1.2925031,1.401324
,
0.52910459,-0.31153455
0.62075037,0.14821556
1.2076447,1.2220826
1.0006888,0.98349392
0.56797206,0.19332168
1.1651081,1.1870278
1.2064381,1.8222004
0.9214344,1.0073644
0.10791922,-0.79964066
0.065078408,-0.47440928
1.3924009,1.6594827
,
,
1.0774491,1.2485968
1.1119876,0.4520534
1.2678142,1.3118217
0.48509184,-0.16423793
1.1206059,1.138279
0.49096513,-0.38511002
1.2564633,1.7380584
0.64566267,0.32113919
0.9751606,0.64130747
0.55554157,-0.11427749
1.067068,1.0504876
1.1363648,1.3698378
,
1.2850602,1.9112324
1.2903111,0.52563804
0.49294773,-0.31559318
,
0.35212043,-1.0215386
1.2808698,1.1892885
1.2894158,1.536831
1.1959392,0.86981916
0.90470994,0.51863027
0.40004569,-0.40004143
,
0.88589811,0.696661
1.3404357,1.6130223
1.2628481,1.5081788
,
1.2609125,1.2562072
,
,
0.5630129,0.13987423
0.95185399,0.869721
0.51711535,-0.19903184
,
1.1025864,0.91959667
1.0879543,0.74016666
0.34387353,-0.46448907
1.2408562,1.2893503
1.1889253,1.8390253
0.38135383,-0.59076393
1.0537115,1.8487684
,
1.1273277,1.9592319
1.0349138,1.9258702
1.4134085,1.7540593
1.1510309,1.7436522
1.2540944,1.3287154
,
0.21666738,-0.59587783
1.1966856,1.1462281
0.86487418,0.35944277
0.58215833,-0.42121106
0.7298224,1.8624218
,
0.38443676,-0.521869
0.069931924,-0.4780421
1.0834545,0.40858766
,
1.0590494,1.6324586
0.57109183,0.21736462
1.1244349,1.1664438
1.1420368,1.4888215
1.22949,1.6854906
0.068345368,-0.19529232
0.50362229,-0.24764377
1.3153801,1.6924115
,
,
2.0586095,0.39817107
0.25803065,-0.36495131
,
1.2622447,1.7550179
,
1.2040479,0.94963652
,
,
,
1.3046229,1.4103509
1.2414401,1.5616926
,
1.2714837,1.57845
0.84657305,0.63337922
0.98594409,1.0587832
,
,
1.0319729,0.35462886
,
,
1.1641155,1.7225746
1.1816436,1.4584669
,
1.0262665,0.98064053
0.56605369,-0.73347306
0.53465283,0.054290768
0.80984724,1.6399083
1.2727242,1.6025234
,
,
,
,
,
,
1.1081215,1.6366177
2.4603488,0.31582108
,
,
1.2018685,1.5821376
,
1.1199988,1.5472554
,
0.11946358,-1.0283948
,
0.43953437,1.7716498
0.47100785,-0.64623684
,
,
,
,
0.1222249,-0.62652779
,
1.256609,1.4065487
,
,
,
,
,
,
,
,
,
,
,
,
,
,
,
,
,
,
,
,
,
,
,
,
,
,
,
,
,
,
,
,
,
,
,
,
,
,
,
,
,
,
,
,
,
,
,
,
,
,
,
,
,
,
,
,
,
,
,
,
,
,
,
,
,
,
,
,
,
,
,
,
,
,
,
,
,
,
,
,
,
,
,
,
,
,
,
,
,
,
,
,
,
,
,
,
,
,
,
,
,
,
,
,
,
,
,
,
,
,
,
,
,
,
,
,
,
,
,
,
,
,
,
,
,
,
,
,
,
,
,
,
,
,
,
,
,
,
,
,
,
,
,
,
,
,
,
,
,
,
,
,
,
,
,
,
,
,
,
,
,
,
,
,
,
,
,
,
,
,
,
,
,
,
,
,
,
,
,
,
,
,
,
,
,
,
,
,
,
,
,
,
,
,
,
,
,
,
,
,
,
,
,
,
,
,
,
,
,
,
,
,
,
,
,
,
,
,
,
,
,
,
,
,
,
,
,
,
,
,
,
,
,
,
,
,
,
,
,
,
,
,
,
,
,
,
,
,
,
,
,
,
,
,
,
,
,
,
,
,
0.54816532,-0.11970487
0.84879857,0.76756811
0.4683401,-0.26644132
0.46050018,-0.12381497
0.91123575,0.67591643
0.47602463,-0.25185186
0.55115294,-0.18285269
0.60409409,0.031384617
0.63868523,1.0843822
0.53565639,-0.094444446
0.44178075,-0.21578172
0.48390219,-0.33381063
0.2210294,-0.12737863
0.72392315,-0.036370102
0.46287623,0.027782839
0.52936953,-0.11412228
0.45573956,-0.1265247
0.65023732,1.232342
0.90633816,0.61178911
0.31782889,-0.28580323
0.58965719,0.031269159
0.090747833,-0.23302872
1.0040671,0.79377443
0.96240687,0.66233766
0.95629054,0.75906438
0.60034186,1.3079958
0.4148342,-0.22607765
0.83247101,0.81841832
0.37372309,-0.1075722
0.4832437,-0.32480389
0.66560507,0.031500928
0.58223009,1.1350973
0.51255423,0.15692307
0.62678921,0.021294404
0.81245261,0.94163579
0.68643385,0.92092156
0.43195391,0.16211061
0.46724814,-0.021702169
0.47831744,-0.39591423
0.63553047,0.079488777
0.94819856,0.61303747
0.76687098,0.70637119
0.67752457,0.064139418
0.90352672,0.75076669
0.65303469,-0.06398996
0.74494499,1.1644102
0.88288009,0.83451682
0.7278527,1.464582
0.87319678,0.66680294
0.83899808,0.72809863
0.40907356,-0.39851949
0.61615562,0.17067555
0.064144909,-0.26736566
0.47501174,-0.10910758
0.60724974,1.2129965
0.53601897,-0.15967439
0.4105792,0.064393938
0.53124672,-0.30312032
0.38110185,0.14655173
0.78292495,1.0292201
0.89662552,0.91773778
0.67011893,0.06329114
0.77324259,0.97532386
0.64422971,0.15809052
0.80753565,1.1011721
0.58342099,-0.25637344
0.82592362,0.89601624
0.17601407,-0.36642718
0.97208583,0.89501232
0.82555479,0.76021576
0.59664488,0.22495274
0.92144489,0.52719676
0.19850254,-0.18946858
0.43484634,0.10331732
0.48021871,-0.24002968
0.79075867,0.95401412
0.57333529,1.090822
,
0.19928414,-0.26510721
0.68204576,0.91616768
0.74469018,1.6108655
0.73557848,0.60355037
0.6214599,0.559322
0.6886341,1.3563828
0.73931134,0.95108527
0.33275175,0.28724566
0.65907419,1.0578252
0.53517586,0.2192716
0.82002884,0.85911185
0.75183976,1.4547753
0.72552365,0.80340266
0.46957675,-0.53222835
0.678069,1.3068546
0.62500423,1.0168225
0.40174651,0.27222341
0.52885401,0.83239174
0.62644058,1.2799835
0.69572043,1.319243
0.89978456,0.63326919
0.75491458,0.57378119
0.74575883,0.27848098
0.86485696,0.71347147
0.7404089,1.2175916
0.65629387,1.5968051
0.49470627,0.30616114
0.71612465,0.99641812
0.83458638,1.0759493
0.28806072,0.20885594
0.77145004,0.5752371
0.75473589,0.94143856
0.39259589,-0.39510047
0.3430557,-0.37197191
0.51015168,0.23466258
0.81455398,1.4702114
0.49843386,0.72169811
0.72310352,1.5447479
0.22696802,-0.39974719
0.41267905,-0.37595317
0.4856503,1.2032132
0.6479882,1.3783784
0.43626419,-0.43669724
0.5752759,1.3958944
,
0.70043093,0.4909938
0.37034363,-0.4621875
0.55341071,0.46990171
0.56647897,1.415915
0.85386908,0.64638782
0.66965461,0.99184442
0.69408298,0.32015067
,
0.58673465,0.46875
0.66939557,1.2086796
0.67136288,0.2709375
,
0.55475163,1.305442
0.3085452,0.25065529
0.48116499,0.32577783
0.68703926,1.427027
,
,
0.3015098,-0.36507937
0.28004012,-0.61813879
0.3946465,1.1507365
0.87220627,1.771952
,
0.22481337,-0.38478124
0.76173234,0.53617811
0.63499439,1.3326161
0.50802791,1.5563824
0.31408727,-0.52411908
0.67507672,1.5365249
0.63010228,1.7
0.7095437,1.7260536
0.27180243,0.34730232
0.61945069,1.6231699
,
0.71944124,0.47979465
,
0.6515379,1.6267644
,
0.45233703,1.4131383
0.4161773,1.6027056
0.37909752,0.40553436
0.18326551,-0.58870965
0.32404953,1.4744451
0.63178867,-0.59375
,
0.777619,0.46375683
,
,
,
-0.37950495,-0.48873109
,
,
,
,
,
0.26265192,-0.51944447
,
0.3543582,1.681915
0.37540573,1.5588965
,
,
,
,
0.31387234,1.6513076
,
,
,
0.44814789,1.7350187
,
,
,
,
,
,
0.40788198,1.6187828
0.63296586,1.8186449
0.71473944,1.7983612
0.47324002,1.7845907
0.523031,1.8120998
,
0.44410676,1.8123124
,
,
0.72255385,1.8054231
0.27664533,1.8095703
,
,
,
,
,
,
,
,
,
,
,
,
,
,
,
,
,
,
,
,
,
,
,
,
,
,
,
,
,
,
,
,
,
,
,
,
,
,
,
,
,
,
,
,
,
,
,
,
,
,
,
,
,
,
,
,
,
,
,
,
,
,
,
,
,
,
,
,
,
,
,
,
,
,
,
,
,
,
,
,
,
,
,
,
,
,
,
,
,
,
,
,
,
,
,
,
,
,
,
,
,
,
,
,
,
,
,
,
,
,
,
,
,
,
,
,
,
,
,
,
,
,
,
,
,
,
,
,
,
,
,
,
,
,
,
,
,
,
,
,
,
,
,
,
,
,
,
,
,
,
,
,
,
,
,
,
,
,
,
,
,
,
,
,
,
,
,
,
,
,
,
,
,
,
,
,
,
,
,
,
,
,
,
,
,
,
,
,
,
,
,
,
,
,
,
,
,
,
,
,
,
,
,
,
,
,
,
,
,
,
,
,
,
,
,
,
,
,
,
,
,
,
,
,
,
,
,
,
,
,
,
,
,
,
,
,
,
,
,
,
,
,
,
,
,
,
,
,
,
,
,
,
,
,
,
,
,
,
,
,
,
,
,
,
,
,
,
,
,
,
,
,
,
,
,
,
,
,
,
,
,
,
,
,
,
,
,
,
,
,
,
,
,
,
,
,
,
,
,
,
,
,
,
,
,
,
,
,
,
,
,
,
,
,
,
,
,
,
,
,
,
,
,
,
,
,
,
,
,
,
,
,
,
,
,
,
,
,
,
,
,
,
,
,
,
,
,
,
,
,
,
,
,
,
,
,
,
,
,
,
,
,
,
,
,
,
,
0.85021728,-0.031042965
0.90742493,-0.2279748
0.90657121,0.039862376
0.95254087,0.88706291
1.105592,0.73635828
0.95894718,-0.06719368
0.67749393,-0.083531514
0.88589549,-0.40886348
0.71767867,0.16129778
0.82871032,0.016478721
0.80887318,-0.24085109
0.86835241,0.18942101
0.94324267,0.85176152
0.97480011,0.53381294
0.97826302,0.7052108
0.77755415,0.15991317
0.67685646,-0.35000005
0.87225807,-0.2008664
1.98104,0.64443183
0.87339669,-0.19601329
0.90127921,-0.56325948
1.1488407,1.0396767
1.9696827,0.64884394
0.65717185,-0.15287839
0.79427159,0.20387532
1.0455394,1.3660774
1.1359622,0.80935556
0.79201621,-0.3964172
1.0828831,1.2364963
1.1899319,0.94833761
1.123631,0.94214284
0.67551941,0.15687732
1.9726988,0.7687366
0.82062328,0.33126926
1.0555406,0.80855924
0.74992287,-0.4421365
0.90890694,1.1510912
0.75079679,0.16747274
0.8571887,-0.35558182
0.93981552,0.64302069
0.77906561,-0.29583803
0.96618384,0.60898626
0.88849902,1
0.30501699,0.41473988
0.95444906,1.5265254
0.78580749,-0.57906139
1.1546671,0.90559435
0.54815227,0.38636374
1.1164769,1.2775331
0.64266014,0.39486888
0.76527023,0.67654985
1.1066887,1.1239597
0.77541941,-0.63400578
1.1854604,1.1574343
1.1792827,1.2913455
0.85676908,-0.71765548
,
0.76626241,-0.25427878
0.86862826,-0.81038213
0.94216096,1.3204086
0.75951803,-0.54704869
0.20201266,0.47947162
0.77739871,-0.4097524
0.92917746,1.233482
0.9977386,1.0796754
0.7213639,0.3297002
0.85682315,1.0819672
1.0143616,1.5567853
0.95287073,-0.41965607
1.7758141,0.41893831
0.59878325,0.33430022
1.1662722,1.54
0.74145424,0.89947248
0.90122008,-0.96611392
1.0678396,1.5223935
0.95295405,0.70033294
0.88401908,-0.35581061
0.90751362,-0.58226895
0.99811357,1.6425887
0.95580113,-0.6179775
0.80102575,-0.86428565
0.82314134,-0.69573516
0.92399251,-0.42877853
0.84701496,1.4008908
0.74361515,-0.49731666
0.95664716,1.5311476
,
0.63328767,0.42770627
0.94164741,1.7709695
0.69252884,-0.41454726
1.9622159,0.52577317
0.55200911,0.40484938
0.87495279,1.4565216
0.98956031,-1.000286
1.021412,1.7719389
0.87237573,-0.74455297
0.89404035,-0.80854791
0.9849292,-1.1356813
0.7708227,-0.77313435
1.0879749,-1.1646663
0.52026069,-0.60655743
0.99047959,1.862119
0.71992064,1.6004448
0.65495437,-0.6109128
0.8830139,1.4432836
0.97901666,1.5487804
0.79905224,1.7926929
,
0.99670184,1.7627392
0.75206637,1.5346534
0.77978337,-0.82202446
0.91386169,1.7568182
0.47596794,-0.7245785
,
0.97950804,1.5219331
0.96946585,-1.31136
,
,
0.68491477,1.310702
,
0.88172138,-0.96039611
0.91293007,1.8163265
0.70537096,-1.1593831
0.98063576,-1.2516176
0.77548993,1.0608108
,
0.84210402,-0.79563111
0.82183856,-1.0496054
,
0.91767204,-1.0023924
,
0.78484941,1.7096773
0.8472994,-0.72361261
0.13601993,-1.2911118
0.58778089,-1.3079973
1.0258667,-1.2064517
,
,
,
,
0.4927347,-1.2513795
0.96587098,-0.94086951
0.60635293,-0.97938144
0.47535193,1.222973
0.75833303,1.6912651
,
,
0.79267067,-1.0058267
,
0.80968219,1.8365736
0.59028077,1.7474048
1.915964,1.0889236
0.87170786,-0.056244221
1.8115152,1.0855747
1.6357259,1.0069681
1.0260241,1.4004515
0.87636501,-0.094091013
0.69201529,0.010807487
1.7697021,1.0675089
1.6933142,1.2614079
1.8942698,0.97361732
1.9328345,0.85003752
1.6509956,0.89759719
0.7304585,0.26999468
0.98693913,-0.010575376
0.72504395,0.049804509
0.84154594,-0.19672135
1.1022201,1.5019715
0.86641896,-0.10777381
1.9829828,1.2113558
0.9135021,0.84730184
0.81075078,-0.22874251
0.97465771,-0.18611181
1.2219325,1.413343
1.0856738,1.3536429
0.88830662,-0.032444265
1.0981715,1.340783
1.7888408,0.82847214
1.6890397,1.2396972
0.70397484,-0.15618661
1.0957084,1.5846152
0.91805428,0.036492858
0.81709421,1.2153846
1.9417319,0.73931205
0.93176311,1.4675325
0.9674319,-0.15513627
0.93301725,0.16058905
1.6444762,0.75866055
1.783108,0.89572388
0.94393551,-0.0014054814
0.88953203,0.83939892
2.0822048,1.0823359
0.84529954,0.93834513
1.1435747,1.0930527
0.88669127,1.0319419
1.603158,0.82471341
0.84648681,0.75754505
0.97118497,-0.36794147
0.78775734,0.21016163
0.84497023,-0.25937858
0.793401,-0.24877493
0.81207794,1.4222223
0.63015997,0.17083897
0.75189078,0.074930936
0.94523537,-0.34037074
1.7644901,0.67505407
0.959638,-0.11725234
0.98257279,-0.2028136
0.85408932,-0.33614016
1.0302212,1.5277778
1.091779,1.525507
1.0128961,1.1272839
0.94484669,0.8649928
0.83393598,0.052676119
0.87088394,0.23732394
0.90826368,-0.29325014
1.1003518,1.3311547
0.85896277,0.16352202
1.7011099,1.0962838
0.51794332,0.18114483
1.201093,1.2880867
0.94388521,-0.38145417
0.90973145,-0.50459576
1.0106952,0.758645
1.7498143,0.7855677
0.62759048,-0.30828083
1.5674167,0.64981836
0.96803308,-0.54580158
1.9058242,0.5206365
0.9193027,-0.4364
1.5744262,1.2802511
0.84770215,-0.30659026
1.6434367,0.66823721
0.76428342,0.11471938
0.98342371,1.142246
0.86901736,-0.46513531
0.85833859,0.10492505
1.6882427,1.0777626
1.0167671,0.31736514
0.79479033,0.20681858
0.61236,0.26530609
0.92585343,0.22140008
0.96976221,1.7363887
1.740817,0.68758565
0.97978854,1.6505363
0.81460482,1.5676986
0.77040899,-0.39942431
1.0813651,1.2290471
0.81673753,0.19320594
0.87439191,-0.29775882
0.63264251,0.1761872
1.8919091,1.4753301
0.93672293,1.6584837
1.6682597,0.5836522
1.8124515,0.60872197
0.98539877,1.1918117
0.79951382,0.18367347
0.74602306,0.39697054
0.7321341,-0.55144256
1.6091781,0.63498485
0.81990427,-0.45738637
1.0659853,1.5801017
0.88215709,-0.35639188
0.8889147,-0.13151364
0.98447967,1.6901709
0.97059762,1.6657927
0.85359854,1.73822
0.9683494,1.8597969
1.0305651,1.653125
0.75671101,-0.59631145
1.5940279,0.73535717
0.8690058,0.39746299
1.5073006,1.7216573
1.0337031,1.8189656
0.74338442,0.63267034
0.7811681,0.71232879
1.0904392,1.7967329
0.64993745,0.27648285
0.57288271,0.35288551
0.86628795,1.6567737
0.8681922,1.9384645
0.94883507,-0.59524524
0.47441506,0.30862534
,
0.73506713,-0.74240655
0.88558394,0.639494
1.1142988,1.7384454
1.6612221,0.61080766
0.84843302,-0.59173775
0.85919225,-0.48131007
0.95402694,1.6927751
0.8202337,0.33510074
,
0.82237411,-0.6512354
0.81554294,-0.59708601
,
0.68936932,-0.73427993
0.80491644,-0.53794265
0.7009114,-0.82845187
0.68224669,1.831081
1.4572051,0.52970296
1.0522596,1.9013637
,
0.77857608,2.011009
1.0020373,1.9556754
0.95092881,-0.85581386
,
,
0.53797537,0.58680683
0.72458935,-0.69972259
0.61882758,1.9691498
,
0.76601732,-0.4922494
0.52896208,0.4479914
0.7899006,-0.52065408
0.76488781,1.6783407
0.9442538,-0.85284865
,
,
,
0.84288466,-0.75753331
0.69094002,-0.76142037
0.97503805,-0.86623019
0.89347208,-0.75905997
0.74019957,-1.0125436
,
0.74818242,1.7530488
,
,
0.89131087,-0.62508911
0.85532689,-0.77883309
0.74470758,-0.54758072
0.75685507,2.0205026
1.0028331,-0.7059859
,
0.67792606,-1.304368
,
,
,
0.66928422,-0.76863408
0.90816653,-1.1155462
,
0.80050671,-1.1273108
0.88079381,1.8870095
1.0982609,-0.70877945
0.52405375,-0.92541379
0.47626409,-0.91403627
,
,
,
0.94407886,-0.73793101
0.78056967,-0.98375869
,
0.58507776,-0.9200539
,
0.81932628,-1.2943647
,
,
0.71725106,-1.0284698
,
,
0.96949762,-1.0334088
,
,
0.9135139,-0.90937942
,
,
,
,
0.87508774,-1.1201022
,
,
,
0.56104612,-1.0288785
,
,
,
,
,
0.5641852,-0.22232175
0.56819803,-0.26064673
0.62683886,0.0058468091
0.73272508,-0.39665607
0.6874432,-0.13339517
0.5293597,-0.43964589
0.73030126,-0.13894171
0.77090639,-0.52644682
0.44291714,-0.33266819
0.45550442,-0.14573343
0.43023777,-0.6167441
1.9649634,0.8899346
0.44503796,-0.5401535
0.6305778,-0.5572831
0.55107838,-0.73173797
0.64721841,0.095158406
0.51951766,-0.83426231
0.55565202,-0.74818832
2.0098524,1.0070792
2.0287042,0.65298039
0.49172935,0.054277331
0.4228439,-0.60581124
2.0211189,0.82020205
0.42853767,-0.71653175
2.244211,0.71723658
1.6951293,0.8348816
0.51138926,0.0044997246
0.59560537,-0.91581893
2.1394563,0.60499626
1.8481393,1.5763013
1.8065088,0.85157079
,
0.65540665,0.095480442
0.67205608,-1.0090364
1.9334433,1.2815682
1.9439304,0.99715281
1.9104702,0.86775637
1.9145589,1.3834367
0.48431608,0.15890555
2.253191,0.96167332
0.50254357,-0.94894224
1.8403101,1.4343221
2.6930261,0.24952863
2.9158683,-0.98026049
0.27738509,-0.90301174
0.71640098,-1.2246853
1.9149981,1.1663179
1.7265511,0.82884949
2.1827145,0.46032104
,
0.57039052,-1.0982949
1.8828627,1.2540555
2.2486644,0.55174732
,
1.8067287,0.60363144
3.6259451,-1.1988471
,
0.53032571,0.2118344
1.8173528,1.2442622
2.1469522,0.48998535
1.8053776,1.1770365
2.0019798,1.7276012
,
1.9792169,1.1613379
0.53227174,0.24914908
1.8899426,1.4906757
,
0.53861862,0.17415415
1.7512221,1.2179252
,
1.8609611,0.63327307
0.53254122,0.34068623
1.7263204,1.172648
2.2211981,0.60882664
2.0354085,2.0112934
1.7606692,1.4297236
1.8771877,1.8519139
2.186717,0.31424171
1.0203661,1.8363984
,
,
1.6297212,1.3923126
1.9615934,1.0599244
1.9114064,1.5364194
1.7477534,0.74334538
1.8075836,0.5873943
,
1.9315866,1.4302417
,
2.0954437,0.71721727
0.30578664,0.39641386
3.572459,0.4261435
2.0581837,1.3107362
2.156909,1.8811793
,
1.4515249,1.426486
2.0328736,0.58373618
1.6924191,1.6424079
1.956485,1.2824703
,
2.3349779,0.41504604
1.7293763,1.6774987
2.1597965,1.2511685
1.4765823,2.0061419
0.56196958,0.28206292
1.5051671,1.8882236
1.4181927,2.1889844
,
2.1762884,1.9443107
2.1644921,2.1647153
2.0075901,2.091033
2.1603742,2.1941924
1.8521262,1.5597358
,
1.9527881,1.7703828
1.4367959,1.9603783
1.895754,1.6946366
1.3103752,1.1630354
1.8629746,1.8478979
1.5727301,1.9275472
1.6041414,2.1551545
,
1.1099045,2.1630323
1.3243668,1.576197
2.1386054,2.1067307
0.61690468,2.1137242
,
,
1.2189887,2.1016166
,
,
,
,
,
,
,
,
,
,
,
,
,
,
,
,
,
,
,
,
,
,
,
,
,
,
,
,
,
,
,
,
,
,
,
,
,
,
,
,
,
,
,
,
,
,
,
,
,
,
,
,
,
,
,
,
,
,
,
,
,
,
,
,
,
,
,
,
,
,
,
,
,
,
,
,
,
,
,
,
,
,
,
,
,
,
,
,
,
,
,
,
,
,
,
,
,
,
,
,
,
,
,
,
,
,
,
,
,
,
,
,
,
,
,
,
,
,
,
,
,
,
,
,
,
,
,
,
,
,
,
,
,
,
,
,
,
,
,
,
,
,
,
,
,
,
,
,
,
,
,
,
,
,
,
,
,
,
,
,
,
,
,
,
,
,
,
,
,
,
,
,
,
,
,
,
,
,
,
,
,
,
,
,
,
,
,
,
,
,
,
,
,
,
,
,
,
,
,
,
,
,
,
,
,
,
,
,
,
,
,
,
,
,
,
,
,
,
,
,
,
,
,
,
,
,
,
,
,
,
,
,
,
,
,
,
,
,
,
,
,
,
,
,
,
,
,
,
,
,
,
,
,
,
,
,
,
,
,
,
,
,
,
,
,
,
,
,
,
,
,
,
,
,
,
,
,
,
,
,
,
,
,
,
,
,
,
,
,
,
,
,
,
,
,
,
,
,
,
,
,
0.42820162,1.287284
0.38163263,-0.31909278
0.48045927,1.3497372
0.73517781,1.4354919
0.75880998,1.0502353
0.46465775,1.0599508
0.74061066,1.3600204
0.80578005,0.86147606
1.0391107,1.3152455
0.74627864,1.4683301
0.50625813,1.5695332
0.4520314,-0.41953728
0.73631966,1.1372108
0.69738394,0.93435222
1.71394,0.68360996
0.89783078,1.2162423
0.26699188,0.7626459
1.8188072,0.68441474
0.7094394,1.2331705
0.48547134,1
0.76137143,1.1691915
0.73177624,1.0391527
0.56268376,-0.25466645
0.67603564,0.87151879
0.72820079,0.077753827
1.0107679,1.4714065
0.49005723,-0.16847658
0.75058895,0.65945143
0.64380443,0.63926661
0.35794008,-0.25230804
0.28384191,-0.28134072
1.7486467,0.73805088
0.47954017,1.5578053
0.46351007,-0.32743964
0.52925992,-0.21363717
0.3559427,-0.6293487
0.18793985,0.69548434
0.54380667,-0.065329887
0.66713369,0.91255176
0.49861652,-0.017012589
0.49689671,-0.38063118
0.80158609,0.53494281
0.20890078,0.5541417
0.43996388,-0.073663622
0.38544098,1.1813676
1.7489315,0.6236679
0.67283452,-0.14795588
0.10586283,0.625
1.6260586,0.48573282
0.31924143,-0.38174552
0.79678881,1.7015975
0.22095862,1
0.67482889,1.2964042
0.51998973,0.075998925
0.18941286,-0.50093603
0.59567469,0.6472289
0.81895143,1.6424352
0.30504566,-0.50252128
0.52499926,-0.78938693
0.59065807,-0.038881749
0.48608512,-0.52059829
0.25978339,1.1326531
0.7137177,1.1163383
0.75555575,0.096587248
0.56102341,-0.44073668
0.30505764,1
0.75677961,1.5271987
0.6630156,0.080602884
0.71134603,0.56278658
0.54313791,-0.079999998
0.16371115,0.89709854
0.26807541,0.53637362
0.67022777,-0.64474922
0.9167214,1.5126051
0.24261212,0.75452715
0.25871047,-0.42841941
0.45314279,0.12366533
0.27196169,0.91795564
1.6299522,0.39698243
0.55707586,-0.70048624
0.44278961,1.3421313
0.55420005,0.26356369
0.56551063,-0.77096772
0.58138055,0.2609047
0.8261205,-0.87252867
1.3144798,0.34792557
0.31157607,1.3672241
,
,
,
0.50512856,0.084833607
0.52507246,-0.3384963
0.79795688,1.6756825
0.64493632,0.10636943
0.55864263,-0.59738135
0.60566592,-0.88659793
,
0.5473088,-1.0412606
,
0.60107458,0.10294118
0.35122284,-0.94224852
0.20246772,0.60496497
,
,
0.40276739,1.5191922
0.76767707,1.7567916
,
-0.095119163,-0.087128714
,
0.50019878,-0.65085751
,
,
0.3884089,1.7513103
1.774997,0.46775919
0.69688421,-0.78436452
0.55797082,0.23102656
0.54385501,0.10918889
,
0.64891708,-1.2696563
,
0.42593494,-1.2607282
0.23751849,1
0.61333877,-1.0784718
0.13331498,0.48670483
0.34765738,-0.83981234
,
,
,
0.14383979,1.6141604
0.69812107,0.23548813
0.30708772,0.55415285
,
,
0.48715919,1.7243006
,
0.40874198,0.20443431
,
0.49863821,0.28457633
,
,
,
0.37173057,-1.1029865
,
,
,
,
0.22304913,-1.016529
0.78141725,-1.1743357
0.45129043,0.19151756
,
,
0.20526823,0.46742779
,
,
0.52335423,-0.81405228
,
,
0.55506289,-1.2920238
,
,
0.39108273,-0.91203237
0.42629534,-0.5734787
,
0.75631762,1.7167355
,
,
0.54278445,1.8129083
,
0.29446366,-1.199241
,
,
,
,
,
,
,
,
,
,
,
,
,
,
,
,
,
,
,
,
,
,
,
,
,
,
,
,
,
,
,
,
,
,
,
,
,
,
,
,
,
,
,
,
,
,
,
,
,
,
,
,
,
,
,
,
,
,
,
,
,
,
,
,
,
,
,
,
,
,
,
,
,
,
,
,
,
,
,
,
,
,
,
,
,
,
,
,
,
,
,
,
,
,
,
,
,
,
,
,
,
,
,
,
,
,
,
,
,
,
,
,
,
,
,
,
,
,
,
,
,
,
,
,
,
,
,
,
,
,
,
,
,
,
,
,
,
,
,
,
,
,
,
,
,
,
,
,
,
,
,
,
,
,
,
,
,
,
,
,
,
,
,
,
,
,
,
,
,
,
,
,
,
,
,
,
,
,
,
,
,
,
,
,
,
,
,
,
,
,
,
,
,
,
,
,
,
,
,
,
,
,
,
,
,
,
,
,
,
,
,
,
,
,
,
,
,
,
,
,
,
,
,
,
,
,
,
,
,
,
,
,
,
,
,
,
,
,
,
,
,
,
,
,
,
,
,
,
,
,
,
,
,
,
,
,
,
,
,
,
,
,
,
,
,
,
0.93177205,0.96923065
0.48994362,1.4230769
0.60580939,1.1923077
0.61764532,1.0769231
0.57383782,1.4497041
0.60111916,0.90384614
0.46335298,1.2797203
1.057831,0.75
0.60643202,1.0549451
0.89904773,1.3538461
0.89763069,1.2136753
0.85077077,1.1615384
0.40338385,1.0641024
0.50267339,1.1538461
0.57797593,0.89230758
0.80594337,1.1999999
0.39760596,1.1692308
0.57023168,0.82417589
0.31043822,0.93406588
0.69325334,1.0549451
0.45167917,0.93269229
0.97320276,0.73076922
0.7986542,1.4615384
0.879134,1.102564
0.7482782,-0.10769228
0.69352984,0.85897446
0.72506511,-0.23076923
0.4365536,1.3846154
0.42364365,1.5128206
1.0781475,0.60439563
1.0340414,0.79230762
0.9538064,0.73076922
0.50825256,-0.33846152
0.7932083,1.3296702
0.7243852,0.8351649
0.44936562,-0.030769201
0.6655252,0.76923078
0.65264845,-0.1923077
0.18607998,0.82417589
0.59855533,1.6923077
0.36621135,1.4102563
0.60558987,-0.40384614
0.60711616,0.6813187
0.89825237,1.4725274
0.46324468,1.6853148
0.20250078,0.65384614
0.61405623,0.69230771
0.62250394,-0.30769232
0.48203582,-0.20279723
0.48957625,0.70329666
0.54395318,-0.057692308
0.4008103,1.6153846
1.1059542,0.51923078
0.84115487,1.025641
0.62513858,-0.5
0.57082802,-0.3296704
1.0988511,0.44871786
0.87167233,0.092307754
0.64345354,-0.07692308
0.79199851,-0.33846152
0.88691384,0.5
0.44911405,-0.23076923
0.5412026,-0.55769229
0.25937298,0.53076935
0.57588041,-0.42307693
0.6783818,-0.53846157
0.62689352,0.62820524
0.87224257,0.72649562
0.77040875,0.025641074
0.86516154,0.80769229
0.65758979,-0.012820464
0.85188919,0.63736254
0.67788064,0.60256398
0.49097317,0.15384616
0.74726844,-0.56410259
1.0108727,0.65384614
0.63170749,-0.37179491
0.28893426,0.23076923
0.55014575,-0.64835167
0.73142636,0.15384616
0.78885013,-0.11538462
0.68511879,-0.043956023
0.84654337,1.6483516
0.46763492,-0.71153843
0.76885366,-0.51748246
0.65241671,0.10256415
0.78715855,1.6346154
0.80970174,-0.65934062
0.39220497,0.1923077
0.79331404,0.11538462
0.73788089,-0.07692308
0.62758976,-0.26573431
1.0644784,0.46153846
0.89032018,1.5934067
0.60024172,0.26923078
0.53659058,-0.5
,
0.53850126,-0.79487187
0.38036525,0.4835164
0.19417906,-0.21794876
0.7282424,-0.07692308
0.21995169,0.26923078
0.43740225,1.7606838
0.76279795,0.4871794
0.37253451,1.7435899
0.30697155,0.08974354
,
0.77823293,-0.73076922
0.60467106,0.56410247
0.4914512,0.46153846
0.43052006,-0.5
0.53168434,-0.26923078
0.70457429,-0.7472527
0.73290467,-0.67032963
,
0.56290925,-0.75824177
0.44855917,0.27884614
0.6590718,0.27472541
0.30126396,-0.87912089
0.68162721,-0.96703297
0.77760202,1.6593407
0.3256802,-0.58974355
0.56044263,-0.65384614
0.70404112,1.7008547
0.86739939,-0.86538464
,
0.73801559,-1.0384616
0.41352564,-0.97802192
,
0.73146725,-0.91538459
,
,
0.66952157,-0.58974355
,
0.47046083,-1.3589743
,
,
,
,
0.30465639,-0.55128199
,
0.44080466,-0.78205121
,
0.44939405,-1.3706294
0.74793077,-1.0865384
,
0.7625733,-1.2747252
,
,
0.4436008,-1.2967032
,
0.72580791,-0.7564103
,
,
,
0.59888542,1.4582385
0.58083177,1.355625
0.60385191,1.6064584
0.12309809,-0.2434375
0.58947575,1.1439843
0.56261247,1.2615625
0.0072075576,-0.2434375
0.55226016,1.5907812
0.069395274,-0.47859374
0.95410311,1.364176
0.15947647,-0.51707381
0.05046992,-0.11802077
0.20715806,-0.23167969
0.76170152,1.1792579
1.4032018,0.81006259
0.063160956,-0.41274992
1.3226899,0.98792607
0.24647179,-0.2434375
0.49151617,1.7789062
0.9276107,1.2145313
0.2515434,-0.017687537
0.9089483,1.6463635
0.87118721,0.85395843
0.47960919,0.70573872
0.51037002,1.0170002
1.4650381,0.77243745
1.2170165,1.512396
0.90716052,1.1047915
0.71050429,1.1792579
0.18516421,-0.0082812496
1.4402267,0.7598958
0.4831278,0.69718748
0.7670269,1.6463635
0.85537857,1.4810416
0.32581085,-0.42301127
0.53179711,1.4496875
0.48905867,0.90412509
0.17414963,-0.23167969
0.17220429,-0.52562499
0.54645562,1.6691666
1.4003963,0.80170137
0.87568104,1.5907812
1.9634771,0.98792607
0.83897358,0.66583329
0.58211565,1.2302084
0.68576318,1.0420835
0.029084355,-0.29046875
1.3631557,1.1361459
0.39205024,-0.48531246
0.55347061,0.8853125
0.043641061,-0.45507812
1.9766557,1.1988541
0.023577735,-0.20581253
0.45107913,1.4685
1.262679,1.7945834
0.31341815,-0.0082812496
0.85256147,1.7945834
0.12690155,-0.2434375
0.39266223,-0.036499929
1.8047392,0.8853125
0.48617351,0.91666657
0.19541577,-0.023958273
0.65150845,0.79124999
0.76622176,1.6691666
1.5784245,0.93234372
0.6727519,0.73750001
0.668033,1.2701136
0.44127029,0.028298652
0.27395326,-0.074125074
1.348233,0.979375
0.27681053,-0.023958273
0.89257944,1.4026562
0.18341002,-0.29987505
0.51309186,1.0734375
0.54689687,1.7789062
0.13914216,-0.52562499
0.14684418,-0.75406253
1.2823553,1.3869791
0.35178912,0.17312503
0.65871543,0.85395843
1.3844135,1.1110626
0.36640006,-0.21208328
0.62095296,0.7598958
0.57149869,0.65956253
0.58049977,1.0107291
0.64144236,1.355625
0.7798965,1.2929165
0.71583891,0.69718748
0.7289511,1.4496875
0.61324894,1.1486875
1.3233644,1.2615625
0.34144214,-0.46291673
0.56505281,1.0170002
0.35208702,-0.66000003
1.6783607,0.17984375
0.50577027,0.57177079
0.43067408,0.16416673
0.5346911,1.6378125
0.41845405,0.070104226
1.388973,1.0420835
0.072336435,-0.63850009
0.48264796,0.58431244
0.096384041,0.03875
0.68703216,0.979375
1.6125385,0.60312498
0.34823921,0.16416673
0.52983654,1.6142969
0.82233465,1.8729688
0.4986583,0.15632813
0.3806929,-0.21208328
0.67015481,1.4732032
0.28859368,0.15162507
0.44141033,0.62193757
0.34602082,-0.46918747
1.5816357,0.57177079
0.72595197,0.61880201
0.44737148,-0.086666726
0.82258469,-0.13369797
0.12281498,-0.46291673
0.64576596,0.56550002
0.19182266,-0.023958273
0.22206782,-0.52562499
0.64239335,0.62664062
0.48299178,-0.40020826
0.85020024,1.9827085
0.55096185,-0.13056242
0.80168462,1.324271
1.3762468,1.8964844
1.6891525,0.72854173
0.36751756,0.070104226
0.11435246,-0.21208328
0.85987794,1.8344885
,
1.5024418,0.63447922
0.97239292,1.7130624
0.44687861,0.50906253
0.11051707,-0.76078123
0.46231687,0.60312498
-0.016531944,-0.68239576
0.21318075,0.19552077
,
0.41777962,1.9670312
0.055340506,0.36796874
0.55992341,-0.63850009
,
0.46383709,1.7318749
0.18292981,0.25822923
0.14182505,0.16416673
0.49901116,-0.055312499
1.2547023,1.951354
0.60748178,-0.18072923
1.9346075,0.22687501
0.32774284,0.33975008
0.82746613,1.9670312
2.0582621,0.41499999
2.1283026,-0.52562499
0.75655645,0.54041672
0.14515251,0.22687501
0.75512928,-0.79736114
0.82121557,2.0610938
0.37460342,0.22687501
1.4248738,0.50906253
1.7583146,0.47770828
0.4883045,0.50906253
0.15224761,0.19552077
1.7615376,0.50906253
0.31486678,0.19552077
2.3359816,-0.64656258
0.11195219,-0.73256248
2.1257792,-0.38453126
0.66384017,1.7945834
0.63040853,1.700521
0.69711024,-0.54914063
0.40683693,-0.77018756
0.086623579,-0.74510413
0.80077642,-0.93322915
0.67247581,1.951354
,
0.43524414,0.44635424
1.9667752,0.41499999
-0.069697857,-0.84543747
0.37202898,0.41499999
0.65243131,1.700521
,
0.51996219,-0.6196875
0.73869729,-1.0272917
0.61528909,1.92
0.83817786,2.0454166
1.8446479,0.22687501
0.55226654,-0.66671872
0.71332222,0.54041672
0.18646975,0.32093751
1.8359504,0.32093751
0.049721301,-0.91531253
0.51052397,1.8729688
0.3575936,-0.75137496
0.87811106,-0.71375
0.90300846,2.1394792
,
,
0.23232538,-0.90187502
0.69143701,1.575104
0.89471018,2.0375781
0.40371096,0.32093751
2.1341915,0.54041672
0.68865311,2.1645625
0.59621841,1.9827085
,
0.67962444,-0.83132815
0.42639539,2.1215625
0.4190284,-0.94890624
0.47300088,1.9827085
0.082228661,-1.1056771
0.81172895,-0.80781251
0.50487238,-0.77645838
0.915061,-1.2075782
0.82839632,2.1316407
0.76141798,2.1394792
0.36926231,2.1316407
-0.27118367,-0.9206875
0.37869608,-0.83916664
,
,
0.49835777,-1.0586458
0.8040663,-1.202875
0.58455461,-0.99593753
,
0.10510942,-1.0272917
,
0.66977155,-0.90187502
,
,
,
0.1220769,-1.0586458
,
0.26387656,-1.1370312
0.036721647,-0.94890624
0.13320649,-0.96458334
,
,
,
,
,
,
,
,
,
,
,
,
0.27586678,-0.574651
0.88564777,0.82487714
0.88153517,0.53100246
0.20237964,-0.54228461
0.62170309,0.90158814
0.17622705,-0.74630499
1.6926636,0.61008447
0.81000733,0.50672781
0.62559515,0.70722866
0.21410726,-0.33628252
-0.057883568,-0.34318069
0.8749752,0.45305473
0.14003341,-0.6313864
0.11554389,-0.58017957
0.61886293,0.55801123
0.34828526,-0.74122584
1.6181387,0.85155189
1.6938808,0.3323245
0.81959575,0.37840697
0.12233433,-0.38922018
0.078446567,-0.22340834
0.16278256,-0.29245439
0.28015143,-0.48573717
0.83455729,0.21648036
0.63023806,0.57036805
0.10732025,-0.16667967
0.33170736,-0.91377246
0.85242593,0.82285529
0.39633584,0.46959546
0.90645134,1.0773225
0.64034945,0.37030154
0.42117554,-0.37347817
0.019900806,-0.53006047
0.1637927,-0.62866777
0.099289,-0.77458185
0.92693013,0.64826483
0.12364924,-0.44397643
0.10950156,-0.84463078
0.25506639,-0.24188003
0.75272071,0.34722009
0.3502875,-0.54582936
1.6410913,0.36533377
0.81114733,0.64196533
0.40846092,-0.52766246
0.11716473,-0.390228
0.1103596,-0.18856889
0.60262114,1.4655879
0.54981107,1.1485639
0.28046763,-0.13226658
0.40241286,0.71264845
0.78532374,0.18364134
0.88675344,0.67150903
0.27008256,-0.364375
0.87528718,0.33213827
1.4984298,1.0516349
0.63896424,1.6001191
0.48480463,0.45252812
0.14047614,-0.10979681
0.47833747,0.74229079
0.057660304,-0.21272786
0.011811759,-0.16443183
1.7950728,0.67984194
0.68985307,0.76930839
0.11319625,0.059062108
0.42229718,-1.3837682
0.29793999,-0.82100898
0.33492458,-0.72100025
0.22036891,-0.18019646
0.28850579,-1.1420962
1.0375366,1.5482385
0.60854048,1.5864015
0.58376712,0.9899736
1.8981215,-0.068092018
0.025751859,-0.3315497
0.96815443,0.95177937
0.62403476,1.3946586
0.65563852,1.8522943
0.078200936,0.0042243339
0.54862666,1.6475099
0.39776438,-1.0102874
0.90654939,1.1875297
1.041018,1.3324319
0.1074138,-0.96113771
0.89758873,1.2260469
2.0094712,-1.5442468
0.93195969,1.4151551
0.88546586,1.3097602
-0.030808851,9.4239338e-05
0.96563679,1.1828051
0.49029928,-0.042075332
0.71723187,1.0983835
0.99234903,1.426218
0.8007741,1.1102092
,
,
0.62939036,1.2795911
0.77978432,0.84561276
0.42667836,-0.73240018
0.72357106,1.0221725
0.92688024,1.2618874
0.5519852,1.3799982
0.70628762,0.86208254
0.9558726,1.6553113
0.063112862,0.060594015
0.65667278,1.3939496
0.49938762,-0.81221044
,
0.9600538,1.3513896
0.89046609,1.3725884
,
0.62481922,2.0496373
0.56163639,1.2195075
0.93111569,1.6686395
0.82060003,1.3492414
0.46246296,1.5053385
0.10090666,-1.0968196
0.77345806,1.2243674
0.15863553,-1.1411031
0.63152397,1.8251619
0.88328636,1.7573383
0.90084189,1.6209182
0.49104431,1.805764
0.71840799,-1.618187
0.39974689,-0.9393571
,
0.95432293,1.5273871
,
0.60657096,1.0066638
0.53118062,1.6318601
0.65744561,1.6589285
0.74765545,1.3129474
0.74297976,1.640083
,
0.46531418,-1.6567022
0.3844876,-0.73997891
0.40677992,-1.1109992
0.77490866,1.7852812
0.6495471,-1.1646752
0.53054434,-0.95520192
0.44878668,1.8533614
,
,
,
0.38458478,-0.95895153
,
0.46573198,1.8318126
,
,
0.8718856,-1.3424199
0.67820567,1.8186331
0.67658377,1.9383371
,
1.4108769,1.8968775
1.1374017,2.0194511
1.7616451,-1.4355202
1.4468919,1.9672636
0.22899611,-1.3860571
,
,
,
,
1.281126,2.1564066
,
,
,
