,
,
,
,
,
,
,
,
,
,
,
,
,
,
,
,
,
,
,
,
,
,
,
,
,
,
,
,
,
,
,
,
,
,
,
,
,
,
,
,
,
,
,
,
,
,
,
,
,
,
,
,
,
,
,
,
,
,
,
,
,
,
,
,
,
,
,
,
,
,
,
,
,
,
,
,
,
,
,
,
,
,
,
,
,
,
,
,
,
,
,
,
,
,
,
,
,
,
,
,
,
,
,
-0.14910546,-0.20376685
-0.12979716,0.96514654
-0.13497108,1.4002318
-0.18835966,1.2242526
-0.1540157,-0.21076234
-0.18489739,-0.46286571
-0.17440847,0.7167756
-0.11089829,0.88747668
-0.20027322,-0.19358666
-0.065462761,1.0559776
-0.16137972,1.0693741
-0.13157098,0.092766576
-0.059064709,1.1440142
-0.22602791,-0.44766146
-0.10297577,0.7368806
-0.079254128,1.1545823
-0.085412413,0.84984976
-0.15534995,0.1091314
-0.15798908,-0.21412081
-0.16567284,-0.15220484
-0.19177935,0.81578469
-0.11397255,1.1126407
-0.091929764,0.88962471
-0.24159954,-0.45811135
-0.14960821,-0.37370753
-0.166885,-0.0414575
-0.21553428,0.18247573
-0.17813839,-0.39905918
-0.31366938,0.54339552
-0.11797823,1.3463829
-0.20177588,-0.18768328
-0.19660431,-0.64291072
-0.14887929,0.13164489
-0.22433673,-0.25586432
-0.072862759,1.433561
-0.19180377,-0.27700737
-0.11882143,-0.63636369
-0.083212778,1.3516483
-0.26529968,-0.095672838
-0.22641036,-0.35495785
-0.32769847,-0.22448973
-0.16080208,-0.37277332
-0.090446003,0.71360379
-0.2108241,-0.38148335
-0.21243417,0.051418371
-0.16821367,0.65999991
-0.20412865,1.1467847
-0.063541688,1.4494382
-0.069243141,-0.60569596
-0.18245317,0.22140157
-0.23256895,0.29362881
-0.21797778,1.2955666
-0.15329885,0.53807747
-0.17827007,-0.42517808
,
-0.13443778,-0.15240079
-0.17990114,1.4192872
-0.096449733,1.6142538
-0.19020155,0.18785904
-0.16996676,1.5363824
-0.15153214,0.13397036
-0.05068168,1.2687141
-0.21043037,-0.58249849
-0.24913876,-0.47087383
-0.15851474,0.89446759
-0.19389236,0.75969636
-0.17697689,0.33382678
-0.21160293,0.32596686
-0.17374983,0.16588563
-0.083244681,1.1058015
,
,
-0.29066002,-0.63161254
-0.21037927,-0.81681675
-0.10315029,0.86646885
-0.17484698,0.48323256
-0.18089819,1.0368549
-0.12080476,-0.80476105
-0.12933892,0.16032095
-0.22671883,0.36251599
-0.20376946,0.33645737
-0.1078244,1.4826891
-0.1375877,0.55651379
,
-0.18836495,0.31292346
,
-0.084443077,0.23606753
-0.17035149,-0.52073741
-0.16190755,1.7843137
,
-0.076280311,-0.60227877
-0.20099002,0.49716529
-0.21872725,0.40208563
-0.3109386,-0.4812949
-0.21844639,-0.49157971
-0.24193746,1.0553762
-0.18665951,-0.89126301
-0.27299237,-0.66387767
,
,
-0.21968046,-1.087961
-0.068171419,0.38848057
-0.060739994,1.6815314
-0.12559025,-0.99699694
-0.16519243,0.65143311
-0.15359315,1.6152411
-0.026640447,1.5608667
-0.15722679,-1.2255046
-0.18469584,-0.80522561
-0.13140939,1.5581396
0.24121213,-1.1510432
-0.026656747,1.6675223
-0.022697613,0.62149531
-0.2116442,-0.89889556
-0.039733112,1.8473761
-0.3303996,-0.72557175
-0.20076504,-1.431919
-0.18737525,1.5489092
-0.11452919,1.8595989
,
,
-0.20677504,-1.2017168
,
-0.23688769,-0.84942287
-0.27855301,-0.7583788
-0.35212117,-0.9138301
-0.30583748,-0.83333331
-0.016275536,1.7121662
-0.34385747,-1.046562
-0.12317177,-0.64711404
-0.30829549,-0.65037704
-0.10058598,1.7474846
,
,
,
,
-0.31627846,-1.0071259
-0.39178735,-0.74863386
,
-0.0046316832,-1.4474474
-0.010681768,1.9316154
,
,
,
-0.064575419,1.8260326
-0.18159112,-1.2066116
-0.17748755,-1.0040486
,
,
-0.07609722,1.7347504
,
-0.29058328,-1.1621622
,
,
,
,
,
,
-0.14437214,1.9127302
,
,
,
,
,
,
,
,
,
,
,
,
,
,
,
,
,
,
,
,
,
,
,
,
,
,
,
,
,
,
,
,
,
,
,
,
,
,
,
,
,
,
,
,
,
,
,
,
,
,
,
,
,
,
,
,
,
,
,
,
,
,
,
,
,
,
,
,
,
,
,
,
,
,
,
,
,
,
,
,
,
,
,
,
,
,
,
,
,
,
,
,
,
,
,
,
,
,
,
,
,
,
,
,
,
,
,
,
,
,
,
,
,
,
,
,
,
,
,
,
,
,
,
,
,
0.0047104582,0.96493351
-0.059583277,0.82808715
-0.14273794,1.2666667
0.00029428815,1.2954545
0.061577469,1.2588958
0.056925409,1.0490798
0.025808943,1.4352518
-0.15099195,1.5333333
-0.057091378,-0.13443395
0.0070724487,1.0909091
-0.019702071,0.96962333
-0.093655817,-0.26918536
0.084492028,1.3223443
-0.011053477,1.1632653
0.0319333,1.1108404
-0.066755481,-0.20094007
-0.072417401,1.001171
-0.055495515,-0.33687943
-0.16592951,-0.06666667
-0.054655366,0.83211678
0.092165574,0.90920246
-0.055783872,-0.067535542
0.0071091009,0.96144581
0.15142292,0.80093676
0.11419033,1.5386503
-0.060300186,0.13491124
0.0036996705,1.4404333
-0.12588423,0.066980027
-0.071440458,-0.27703524
-0.11931418,-0.26666668
-0.040999815,0.6875754
0.033699777,1.171705
-0.16277365,1.3380282
4.8112124e-05,0.9556886
0.12547073,1.4108911
-0.081693023,-0.20405728
-0.072067276,-0.34671533
0.0087285694,1.1149144
0.025721621,1.6383233
-0.13946049,1.2711267
-0.3074072,0.2
-0.049679164,-0.1393643
-0.090124279,-0.40235293
0.10619475,1.3337438
0.10114749,0.80187571
-0.12792708,-0.53900707
0.02142523,1.234657
-0.092313796,0
0.13686165,1.2682323
0.14922474,1.6245353
0.078938752,0.87485242
-0.058285896,0.69343066
0.0040959716,-0.35624999
-0.088742785,-0.27046263
0.14822496,1.1245376
-0.082533307,0.74910396
0.032579646,1.4982079
-0.035769466,0.83618581
-0.040786348,0.95226729
-0.12710728,-0.33372366
-0.072100855,1.0780141
-0.014307033,-0.14214464
-0.096758753,1.0716804
-0.040479995,-0.2787286
0.10750438,1.5311356
-0.097881533,0.62181818
-0.07039535,1.3443396
-0.12278236,-0.06818182
-0.14636244,0
0.032971799,-0.56999999
-0.16013306,0.13784765
-0.097687237,0.26982248
-0.19186634,-0.06909091
-0.0062184967,0.82014388
-0.0065979883,-0.071249999
0.11235808,0.91143912
-0.10307819,-0.20503597
-0.079834096,-0.34050179
-0.097929485,-0.67375886
0.12032759,0.98640299
-0.20735569,0.26760563
0.015491758,0.69767439
-0.15612307,0.13555291
-0.0013061352,-0.48658538
-0.030082639,0.069597073
-0.12032944,1.4735606
-0.011050418,0.14196762
-0.07832557,-0.55339807
0.071654022,0.73591548
-0.1269992,-0.53395784
0.15654448,0.77599013
,
-0.023706585,-0.41860464
0.17074905,1.630597
-0.076324597,0.54480284
-0.3443144,0.33333334
0.03917978,-0.71249998
0.096210882,0.74025977
-0.036819924,0.1425
-0.0077009462,0.61510789
0.136169,1.6125461
0.0003452301,0.28428927
-0.12122492,0.13953489
0.13156863,0.70110703
0.032819878,0.62944788
-0.12141592,0.62637365
-0.094671838,0.55407047
0.067921251,0.63333333
-0.0012166919,-0.55745721
0.10466299,0.53458381
-0.14075056,-0.60140681
-0.1486742,0.20454545
-0.00096315891,0.41304347
0.09731707,1.6442307
-0.12483702,-0.53710246
0.1581964,0.64125001
-0.084750205,0.48957056
0.0093429312,0.54676259
-0.11655964,1.6705744
-0.076656699,-0.80851066
-0.078885078,-0.4778443
-0.1772095,-0.73419201
-0.10694334,0.33807829
-0.099348985,-0.60854095
-0.24342218,0.40811455
-0.15785447,0.34841076
-0.047530491,-0.69427526
0.022248143,-0.7817955
-0.04237083,-0.62867647
-0.13524567,-0.87692308
0.0851129,0.4919852
0.075838104,0.56857854
-0.14151648,-0.73505276
0.071235359,-0.85500002
0.0025739372,0.42643392
0.07031256,-0.49320149
-0.056892503,0.21007371
-0.17007959,-0.87796211
-0.17459589,0.34131736
-0.10706376,-0.93442625
-0.12025566,-0.67776459
-0.12387586,-0.61363637
-0.18353084,-0.93552166
0.004627781,-0.76744187
-0.001375908,-0.63177341
0.055959377,-0.63490099
-0.16246189,-0.80470586
-0.18549082,-0.81331748
0.091095686,-1.0674157
-0.12724911,-1.0792899
-0.12490542,-1.1346604
-0.089417368,-0.83618581
0.0011979165,-0.70024568
-0.14476058,-1.0805687
0.067035995,-1.0700876
-0.20128678,-1.0058824
0.14965455,-0.77599013
0.10670188,-0.91707921
0.19974509,-1.1259259
-0.09713082,-1.0082548
0.029389516,-0.97794116
-0.19981562,-0.81916165
,
-0.061586779,-0.9579832
-0.12805825,-0.14285715
-0.12592486,-0.35714287
-0.14799917,-0.071428575
-0.13222906,-0.21428572
-0.18741001,-0.21428572
-0.1182089,-0.21428572
-0.12329689,-0.2857143
-0.22975963,0
-0.15612751,1.2857143
,
-0.2528612,-0.071428575
-0.12162504,1.0714285
-0.095191203,-0.5
-0.24684446,-0.2857143
-0.18436225,-0.35714287
-0.15123568,-0.21428572
-0.13372414,1.4285715
-0.12270245,-0.2857143
-0.23733349,1.2857143
,
-0.19222006,-0.14285715
-0.13680516,-0.35714287
-0.130353,-0.35714287
-0.17884517,-0.5
,
-0.11819646,-0.42857143
-0.27047828,0.14285715
-0.16244504,0
,
,
-0.14402728,0.21428572
-0.17412519,-0.5714286
-0.20622301,1.4285715
-0.19166014,0
-0.16073012,-0.5714286
,
-0.17636108,1.0714285
-0.16316117,1.2857143
-0.3371976,-0.5
,
,
-0.2153199,-0.5714286
-0.10998508,0
,
,
,
-0.26395017,-0.42857143
,
,
,
,
-0.15151951,1.5714285
-0.12937099,-0.5714286
-0.10519731,-0.35714287
-0.20752203,-0.78571427
,
-0.12783423,-0.5714286
-0.29906392,0.21428572
,
-0.26858628,0.071428575
,
,
,
,
,
-0.13457733,-0.071428575
,
,
,
,
-0.095656514,-0.5
-0.10139593,-0.5
,
-0.25516814,-0.64285713
,
,
,
-0.23432946,0.2857143
,
-0.052906059,-0.42857143
-0.1752333,-0.64285713
,
,
,
,
,
,
,
-0.17939143,-0.64285713
,
,
,
,
-0.12895441,1.3571428
,
-0.24491721,0.14285715
-0.10354143,-0.64285713
,
-0.055047974,0.21428572
-0.11656061,-0.78571427
-0.16761804,0.2857143
,
,
,
,
,
,
,
,
,
-0.13160989,-0.64285713
-0.13434994,-0.85714287
,
,
,
-0.18347071,-0.78571427
-0.1281261,-0.71428573
,
,
,
-0.11148135,-0.5
-0.14132738,1.5714285
,
,
-0.12318323,1.7857143
-0.31940341,-0.9285714
,
-0.059555627,1.7142857
,
,
,
-0.097263955,-0.9285714
-0.22376853,-1
,
,
-0.013033034,-0.85714287
-0.087421179,-0.71428573
-0.18523312,-0.85714287
,
-0.15633719,-0.78571427
-0.15360826,-0.78571427
-0.098793752,-0.78571427
-0.23622087,-1.0714285
-0.12848876,-1
-0.1999561,-0.9285714
,
,
,
-0.25702959,1.7857143
-0.0013841763,-1.0714285
,
,
,
,
,
,
,
,
,
,
,
,
,
,
,
,
,
,
,
,
,
,
,
,
,
,
,
,
,
,
,
,
,
,
,
,
,
,
,
,
,
,
,
,
,
,
,
,
,
,
,
,
,
,
,
,
,
,
,
,
,
,
,
,
,
,
,
,
,
,
,
,
,
,
,
,
,
,
,
,
,
,
,
,
,
,
,
,
,
,
,
,
,
,
,
,
,
,
,
,
,
,
,
,
,
,
,
,
,
,
,
,
,
,
,
,
,
,
,
,
,
,
,
,
,
,
,
,
,
,
,
,
,
,
,
,
,
,
,
,
,
,
,
,
,
,
,
,
,
,
,
,
,
,
,
,
,
,
,
,
,
,
,
,
,
,
,
,
,
,
,
,
,
,
,
,
,
,
,
,
,
,
,
,
,
,
,
,
,
,
,
,
,
,
,
,
,
,
,
,
,
,
,
,
,
,
,
,
,
,
,
,
,
,
,
,
,
,
,
,
,
,
,
,
,
,
,
,
,
,
,
,
,
,
,
,
,
,
,
,
,
,
,
,
,
,
,
,
,
,
,
,
,
,
,
-0.25831279,0.76016504
-0.30586207,0.77306116
-0.25658023,0.85800898
-0.15194657,1.2514113
-0.25028956,1.1487093
-0.2606039,0.58997625
-0.31502247,0.60786504
-0.22261691,1.1712561
-0.23521328,0.98386759
-0.18870445,1.1411884
-0.24132374,1.0313871
-0.22063623,0.64907652
-0.29386029,1.2614993
-0.25628847,0.7171126
-0.13367158,1.2501477
-0.28015387,0.96029449
-0.39356396,0.8617183
-0.12044426,1.196159
-0.18354237,1.2531701
-0.40743801,-0.0093927914
-0.2392334,0.44837004
-0.14827043,1.257803
-0.25143638,0.87698197
-0.14652497,1.1933559
-0.16972239,1.0175875
-0.45623532,-0.21916409
-0.26244283,0.62883437
-0.24386625,0.55405408
-0.2978563,0.68846595
-0.27674592,0.68835258
-0.19167046,1.019094
-0.22417369,1.3596193
-0.38871509,-0.3700361
-0.31206179,1.3287448
-0.37298974,0.69112557
-0.53349662,-0.17417677
-0.27142733,0.49127376
-0.24648416,0.81390029
-0.11958531,1.4051193
-0.35440728,0.71983451
-0.24251764,0.99959773
-0.14026237,1.4400465
-0.27000433,0.86579067
-0.3500661,1.225857
-0.5175401,0.039384119
-0.21106748,0.99908811
-0.25788656,0.52572995
-0.33862269,0.61187774
-0.52707267,-0.065516755
-0.45446151,0.2040091
-0.17409223,1.4478141
-0.21127188,1.0825428
-0.32585472,0.57444125
-0.18562129,1.0384662
-0.27244601,1.490832
-0.6238066,-0.34439844
-0.43380284,-0.41879535
-0.26427919,0.86932486
-0.21690437,1.0330137
-0.26522681,1.2150112
-0.47751206,-0.35316145
-0.5222261,-0.1511111
-0.13742018,-0.27841234
0.0049457718,-0.45348608
-0.10284448,1.4784468
-0.078468181,1.4421639
-0.28847873,-0.019192923
-0.41486257,0.65664774
-0.32084796,0.61154795
-0.17999919,-0.0712272
-0.52190459,-0.2698552
-0.4276011,-0.012689267
-0.53473091,0.22349289
-0.37528902,-0.55512911
-0.50653774,-0.33255801
-0.33772296,-0.17934528
-0.67154682,-0.37885109
-0.53262246,-0.12088819
-0.43099672,0.03871071
-0.092426226,-0.34849086
,
,
-0.51270825,0.20446201
-0.13850904,1.4660157
-0.40202993,0.49102777
-0.34596562,-0.64951718
-0.39831266,0.59559089
-0.52106088,-0.47027642
-0.57970881,-0.52255654
-0.46113789,-0.747105
-0.36811414,-0.2980614
-0.39281264,-0.89893883
-0.25061351,0.84055042
-0.0016629584,-0.59756565
-0.27517661,1.4619676
-0.26512107,0.3949247
-0.42308408,-0.21354684
-0.19598959,0.11725337
-0.41504782,-0.66615993
-0.37984526,-0.25586814
-0.56709486,0.42240894
-0.43237874,-0.5163306
-0.37217277,0.020114649
,
-0.51385915,-0.55610895
-0.14663355,-0.5496605
-0.34111026,0.33159688
,
-0.44228822,0.39109063
-0.47704291,0.1275437
-0.4002862,-0.47469032
-0.28032762,0.15146205
-0.41046241,0.063060053
-0.57338011,0.24552624
-0.37749895,-0.67999315
-0.45474145,-0.43500021
-0.35998374,-0.82234955
-0.23238814,-1.0009471
-0.30380791,0.49134827
-0.47280645,-0.46677399
-0.36994272,0.27903819
-0.10923865,-0.65694457
-0.47878534,-0.66220975
,
-0.31188145,-0.63878232
-0.314726,-0.63452441
-0.28577179,-0.98098695
-0.31296283,-0.6539793
0.11817639,-0.96158695
-0.40813684,-0.87188995
-0.46708223,0.18231139
-0.45220685,-1.0199708
0.23254113,-1.1560192
-0.60899365,-0.85862064
-0.22315678,-0.96029449
0.085610256,-0.82143652
-0.3424741,-1.1081872
0.10129587,-0.70670402
-0.2803179,-0.63823164
-0.33174175,-0.83981448
-0.29892784,-0.75815475
0.0034648106,-1.0430759
,
-0.25358742,-0.99864006
-0.47873592,-1.0532703
-0.20995364,-0.62778944
-0.16219953,-0.61427569
,
-0.58342564,-0.89787728
-0.25008908,-1.12827
-0.46220285,-0.84879881
0.1124349,-0.9667905
-0.44213763,-1.0597738
0.028621595,-1.1315606
-0.15675123,-0.84867239
,
,
1.1174828,1.5189482
1.060951,1.4223768
1.0986537,1.319208
0.13889182,1.7312708
1.0629209,1.1480591
1.0142486,1.3749232
,
1.100714,1.4936398
0.11649182,1.5168887
1.310807,1.2702093
0.87124336,1.3881974
0.22413167,1.6749501
1.4184277,1.1935496
0.014335155,1.3328727
,
0.93701971,1.5999298
,
,
-0.036047369,0.18881333
0.8968457,1.5963686
0.034938961,1.7244866
0.1610496,-0.078494877
,
,
1.3261933,0.12065614
,
-0.062002003,-0.018713618
0.108491,1.6168481
1.6466302,1.0402998
0.10924727,-0.21048468
1.0705917,1.2799283
,
,
1.5246409,-0.027757196
,
1.6127813,-0.32561353
-0.06660185,-0.11297961
0.89620793,1.708025
0.099137172,1.4585655
,
1.995343,0.94832128
,
2.0880573,-0.088443495
1.5784624,-0.45044938
,
,
-0.18697669,0.31813073
-0.0074546635,-0.182282
,
1.4052432,1.6566617
-0.067842133,-0.17278685
,
1.8809807,-0.2637955
,
,
,
0.36326963,-0.69408971
0.12346728,-0.28300467
1.3255047,-0.41619292
1.2871326,-0.51957393
,
,
,
,
,
,
-0.0051683486,-0.2027187
,
0.50360215,-0.87662011
,
0.10260026,0.41330048
,
,
,
,
,
1.6814495,-0.44416213
,
1.2670875,-0.59824324
,
-0.24207349,0.45644209
,
,
,
,
,
,
-0.17219584,0.42128024
,
,
,
,
0.28035122,-0.61973512
0.44579214,-0.8315798
1.9032525,-0.70068073
,
,
,
0.53735465,-0.84203947
,
,
,
,
,
,
,
,
,
,
,
,
,
,
,
,
,
,
,
,
,
,
,
,
,
,
,
,
,
,
,
,
,
,
,
,
,
,
,
,
,
,
,
,
,
,
,
,
,
,
,
,
,
,
,
,
,
,
,
,
,
,
,
,
,
,
,
,
,
,
,
,
,
,
,
,
,
,
,
,
,
,
,
,
,
,
,
,
,
,
,
,
,
,
,
,
,
,
,
,
,
,
,
,
,
,
,
,
,
,
,
,
,
,
,
,
,
,
,
,
,
,
,
,
,
,
,
,
,
,
,
,
,
,
,
,
,
,
,
,
,
,
,
,
,
,
,
,
,
,
,
,
,
,
,
,
,
,
,
,
,
,
,
,
,
,
,
,
,
,
,
,
,
,
,
,
,
,
,
,
,
,
,
,
,
,
,
,
,
,
,
,
,
,
,
,
,
,
,
,
,
,
,
,
,
,
,
,
,
,
,
,
,
,
,
,
,
,
,
,
-0.0039334595,1.1228025
-0.061088353,1.495885
-0.14192773,-0.1132791
-0.043550521,1.3640857
-0.1485337,-0.19190116
-0.13778228,0.23112842
-0.16263303,-0.13657525
-0.12931618,0.057192404
-0.073927522,-0.23515436
-0.044838086,1.2838265
-0.061683439,0.91245782
-0.1122895,0.32459018
-0.13668419,-0.15640269
-0.15649924,-0.39589164
-0.15020661,0.10328889
-0.10545733,1.6299413
-0.14248472,-0.31084681
-0.10043915,1.048385
-0.1231965,-0.031892274
-0.029304188,1.3036497
-0.07384298,1.2074074
-0.12714717,0.12251507
-0.095128201,0.044312805
-0.11475426,-0.10593051
-0.17643194,0.13769332
-0.17578807,0.40012646
-0.10644259,0.009254219
-0.075107239,1.3759942
-0.03761211,0.7535038
-0.17489211,-0.22459103
-0.12271563,0.31748846
-0.10287694,-0.48958328
-0.10545444,-0.44175214
-0.036649887,1.2361377
-0.14783613,0.053221289
-0.14406104,0.14394706
-0.068670474,1.0747932
-0.099314153,1.4357283
-0.13386244,0.30412465
-0.013663562,0.92413503
-0.11858833,1.4254323
-0.053607762,1.3761084
-0.22635436,1.1181967
-0.079450861,1.5998558
-0.066805959,0.15237421
-0.08079765,-0.30889535
-0.20030445,1.4048725
-0.18540449,-0.021729033
-0.12929824,-0.40854865
-0.080208026,1.0742251
-0.15445137,0.27272728
-0.12060064,0.32999283
-0.09392985,0.14720549
-0.19134662,1.2261763
-0.16358465,-0.25072408
-0.1079063,-0.1756307
-0.081354387,0.34946683
-0.10149383,-0.44654083
-0.14623335,-0.61513305
-0.042759296,1.2894813
-0.038838696,1.4888602
-0.081988484,-0.63731056
-0.11290699,1.2063491
-0.20127048,-0.33428368
-0.16373324,-0.025250778
-0.095891856,-0.18529412
-0.10323451,0.4806183
-0.070112288,1.0606909
-0.092924237,0.16068867
-0.18886873,-0.42022473
-0.17486732,-0.28575444
-0.22248705,1.0360111
-0.12977917,-0.47652522
-0.063943021,-0.063011013
-0.09489511,1.4599919
-0.092602342,1.0381231
-0.10856782,1.1827126
-0.054296516,1.4965461
0.0013455683,1.018648
-0.22356609,-0.15635858
-0.020167813,0.10323046
-0.13257231,0.21509437
-0.040649138,1.1128799
-0.058702141,-0.08017493
-0.079064481,0.98545855
-0.15260957,0.48072702
-0.23038994,0.89886069
-0.14390144,0.83835477
-0.12415928,0.25843477
-0.12420575,-0.78503788
-0.14874166,0.091422521
0.012779258,1.5026853
-0.17632693,-0.43174461
-0.11904429,-0.46425068
-0.1406357,0.03038674
-0.052535437,1.2519175
-0.076865584,-0.24167873
-0.24015713,0.98561943
-0.29117936,0.81969488
0.013044892,0.88703835
-0.096956767,1.0266666
-0.16022274,-0.56284148
-0.17691419,-0.59428304
-0.13557051,0.86351705
-0.096554726,-0.93276519
-0.097127251,0.45013484
-0.10299087,1.7471265
-0.11950523,-0.59748423
0.039590925,0.73430657
-0.25862697,-0.1749793
-0.13445145,0.53120667
0.035868749,0.95064062
-0.054995485,1.4742794
-0.12141454,0.32666281
,
-0.16103721,0.8683545
0.056262888,0.82709903
-0.124732,0.58730161
-0.061222941,1.4952381
-0.13988903,0.81762064
-0.11896311,-0.97826082
-0.17122836,0.81180412
-0.062694043,-0.3898026
-0.265829,1.178817
-0.080101222,1.731879
-0.15273064,-0.64441323
-0.19450343,0.901752
-0.1321501,0.35292083
-0.15175122,-0.6598323
-0.05283026,-0.2682927
-0.084869504,0.3446165
-0.26282939,0.70166379
-0.1489594,0.52773678
-0.098343246,0.80952382
-0.12729026,-0.32093024
-0.1892238,0.32157969
-0.066848531,-0.57154608
-0.10941057,0.81294966
-0.25918889,-0.23341355
,
-0.263017,-0.37878788
-0.19108936,-0.74496645
-0.13887179,1.552425
-0.048537862,1.6527817
-0.18990287,1.6227546
-0.17721462,-0.31663889
-0.16005135,-0.61625057
-0.21645439,0.59346128
-0.21444692,-0.62387234
-0.17144628,0.86079723
-0.13587275,0.45802805
,
-0.04327935,0.53287816
-0.11678376,-0.44602999
-0.22192779,-0.75782764
-0.11376922,0.67674476
-0.18213536,1.7927928
,
-0.087145813,0.51575929
-0.10404943,-0.36260623
-0.34861499,0.79578722
-0.07960695,-0.73333329
-0.099829584,1.8853782
-0.048388746,1.715344
-0.12506756,0.39380693
-0.2314872,0.56876296
-0.017310187,0.36080983
-0.21549973,0.74285728
-0.053241611,-0.74842763
-0.20635474,0.69070631
-0.099335104,-0.59765911
-0.043722946,1.6997167
-0.16804206,-0.62186038
-0.14691912,-0.83402491
-0.21615191,1.6623437
-0.15840629,-0.83372259
-0.16873091,-0.84844619
-0.1150599,1.8099221
-0.026183397,1.7261009
,
-0.17052796,0.62857145
-0.14680545,-0.5925926
-0.43656459,0.65369785
-0.11479814,1.7022033
-0.15183783,-0.65722382
-0.12551832,0.57842791
-0.185415,1.8730001
-0.23160507,-0.86487734
-0.17658277,-0.73418337
-0.09634959,-0.88297367
-0.11821418,-0.79058325
-0.271247,-1.0278192
,
-0.19367769,-0.92592591
,
-0.084656633,-0.77874815
-0.0044757351,-1.0072833
0.031124786,1.97109
-0.22934538,-0.98060942
-0.02706074,-1.0982013
-0.33280063,-0.85226274
,
-0.21725973,-0.92871636
-0.18356889,-1.0597637
-0.12945747,-0.7647748
-0.27394843,-1.0279617
-0.22867148,-1.0769789
-0.19997318,-1.1246016
-0.013972529,-1.0417868
-0.20451224,-1.1892698
-0.032154307,-1.0538327
-0.14871302,-0.88104349
,
-0.096235529,-0.98251134
-0.38395837,1.7678572
-0.050984271,1.8899031
-0.01799982,1.8500355
-0.21159787,-0.077050969
-0.12418652,0.19611919
-0.42412362,-0.29982391
-0.18141504,-0.20805059
-0.19885007,0.11908871
-0.1988059,-0.054263595
-0.29456943,-0.14911366
-0.24607226,-0.22210708
-0.32801247,-0.38066897
0.050268315,1.4386817
-0.19964343,-0.24709199
-0.44156116,-0.53819543
-0.00033055246,1.3126684
-0.19825226,-0.38510936
-0.21070009,-0.26002672
-0.17763013,1.0501873
-0.11209747,0.15144953
-0.17484452,0.12272259
-0.13751595,0.83236992
-0.11780809,0.29295665
-0.12299055,0.43728343
0.077412851,1.2782727
-0.051413864,0.856996
-0.062539488,1.0387701
-0.16441032,0.3434566
-0.29142445,-0.60780293
-0.013326347,1.1291758
-0.024470259,0.880252
-0.21873659,-0.39478958
-0.19379871,-0.45851943
-0.15235823,0.62897247
-0.16927138,1.3165838
-0.12671101,0.82945728
0.070419371,1.6403663
-0.22149199,-0.41910017
-0.15355845,1.4665713
0.021325089,1.0530287
-0.3207525,-0.37409481
-0.24731457,-0.39627093
-0.1198798,0.23553005
-0.19429208,0.16984732
-0.27751383,-0.59445488
,
-0.35635242,-0.60253793
-0.023209989,0.89909536
-0.013058059,1.3389926
,
-0.14361566,1.3450739
-0.13434362,-0.56360579
0.026234813,1.5264601
-0.095785558,0.14466292
-0.030928008,1.1720141
-0.05895786,0.32187071
-0.11036009,0.34684694
-0.035777025,0.85945076
-0.012879722,1.428188
,
,
-0.031261768,1.1362873
-0.037368394,1.2701541
,
-0.027528338,0.2882188
0.10761972,1.4560736
-0.18442975,0.81148416
-0.28305233,-0.60134679
0.11634026,0.66241336
-0.09424004,0.76747429
-0.089532517,0.64610171
-0.20340843,1.6728538
,
,
-0.20284511,-0.43702683
-0.18443228,0.40936863
-0.13127284,1.0412518
-0.082112461,1
,
-0.21893802,-0.53090543
-0.0067092702,1
-0.036444813,0.70932174
0.026146725,1.7282209
0.020602513,0.83503979
-0.0514386,1.0589231
,
-0.02556774,0.43117338
0.15316883,1.6300068
-0.057382762,1.5748899
-0.18188272,0.35922331
-0.24611777,-1.0262921
,
-0.091034733,1.58311
0.010603236,0.69666946
,
,
,
,
,
0.066345014,1.844888
-0.16214126,0.59853417
,
-0.049391277,1.5154124
-0.12487321,0.48214287
-0.23150891,-0.69258189
,
-0.3498216,-1.1922246
,
-0.12904593,1.7272111
-0.29901448,0.30180556
-0.16823968,1.8879364
,
-0.34262043,-0.78221631
,
0.023278318,1.6995614
-0.20293,-1.3592513
,
,
-0.13698779,1.7385501
-0.28725338,-0.87596905
0.1415897,1.8410395
,
-0.1221606,1.9170997
-0.10487562,1.8312433
-0.42642221,-0.99141634
,
,
-0.063500032,-1.0354278
0.014588587,1.9342068
,
-0.39369154,-1.2047945
0.014814341,1.8539224
0.0056451336,1.9717569
,
,
,
,
,
,
,
-0.16531506,-1.1632081
0.13296771,-1.1633065
,
,
,
,
,
,
,
,
,
,
,
,
,
,
,
,
,
,
,
,
,
,
,
,
,
,
,
,
,
,
,
,
,
,
,
,
,
,
,
,
,
,
,
,
,
,
,
,
,
,
,
,
,
,
,
,
,
,
,
,
,
,
,
,
,
,
,
,
,
,
,
,
,
,
,
,
,
,
,
,
,
,
,
,
,
,
,
,
,
,
,
,
,
,
,
,
,
,
,
,
,
,
,
,
,
,
,
,
,
,
,
,
,
,
,
,
,
,
,
,
,
,
,
,
,
,
,
,
,
,
,
,
,
,
,
,
,
,
,
,
,
,
,
,
,
,
,
,
,
,
,
,
,
,
,
,
,
,
,
,
,
,
,
,
,
,
,
,
,
,
,
,
,
,
,
,
,
,
,
,
,
,
,
,
,
,
,
,
,
,
,
,
,
,
,
,
,
,
,
,
,
,
,
,
,
,
,
,
,
,
,
,
,
,
,
,
,
,
,
,
,
,
,
,
,
,
,
,
,
,
,
,
,
,
,
,
,
,
,
,
,
,
,
,
,
,
,
,
,
,
,
,
,
,
,
,
,
,
,
,
,
,
,
,
,
,
,
,
,
,
,
,
,
,
,
,
,
,
,
,
,
,
,
,
,
,
,
,
,
,
,
,
,
,
,
,
,
,
,
,
,
,
,
,
,
,
,
,
,
,
,
,
,
,
,
,
,
,
,
,
,
,
,
,
,
,
,
,
,
,
,
,
,
,
,
,
,
,
,
,
,
,
,
,
,
,
,
,
,
,
,
,
,
,
,
,
,
,
,
,
,
,
,
,
,
,
,
,
,
,
,
,
,
,
,
,
,
,
,
,
,
,
,
,
,
,
,
,
,
,
,
,
,
,
,
,
,
,
,
,
,
,
,
,
,
,
,
,
,
,
,
,
,
,
,
,
,
,
,
,
,
,
,
,
,
,
,
,
,
,
,
,
,
,
,
,
,
,
,
,
,
,
,
,
,
,
,
,
,
,
,
,
,
,
,
,
,
,
,
,
,
,
,
,
,
,
,
,
,
,
,
,
,
,
,
,
,
,
,
,
,
,
,
,
,
,
,
,
,
,
,
,
,
,
,
,
,
,
,
,
,
,
,
,
,
,
,
,
,
,
,
-0.46107757,1.2430048
-0.47995368,1.1341438
-0.44760549,1.3933631
-0.44726372,1.3221505
-0.45637262,1.2520131
-0.42687148,1.2092263
-0.3186754,0.59049463
-0.39408016,1.4162986
-0.42978749,1.5155041
-0.21816449,1.3608125
-0.30785838,0.79123086
-0.46526888,1.0401022
-0.44590423,1.1758705
-0.56147641,1.5713677
-0.36845881,1.3978118
-0.35099277,1.2281208
-0.31530762,1.0278841
-0.23350342,1.3793677
-0.29356802,1.4027612
-0.16238476,1.1993264
-0.24257989,1.2632684
-0.46214634,1.3926057
-0.25602871,1.4090784
-0.33704934,0.87756646
-0.32693356,-0.041122783
-0.27669638,0.39620176
-0.26645964,0.72758651
-0.41215047,0.77502525
-0.26108438,1.2054651
-0.39555857,1.0834397
-0.22416614,1.3093392
-0.26908764,1.2242329
-0.42259979,0.80493855
-0.24098743,1.4579319
-0.15516342,1.4917445
-0.36100441,1.4114767
-0.21702848,0.9152419
-0.22473724,0.95699298
-0.3885549,0.7871393
-0.12170082,1.0244241
-0.24437432,0.71897441
-0.40650007,0.95508617
-0.11528546,0.85567969
-0.33920121,1.1422884
-0.22439097,1.1130761
-0.23170137,-0.21038552
-0.46165848,1.062627
,
-0.061712597,0.90014434
-0.17769411,-0.31201801
-0.21186306,0.76034445
-0.28793192,-0.1390008
-0.33756486,0.66435927
-0.029990941,0.86023194
-0.038348004,0.66239238
-0.26174185,1.5356958
-0.0083975568,0.72611266
-0.40296382,0.14686754
-0.2617276,-0.072046883
-0.13401812,0.89598024
-0.52217811,0.66613841
-0.099896379,0.84023446
-0.40992686,1.5632277
-0.21575062,0.7606554
-0.26705655,0.51345903
,
-0.25040445,1.2074406
-0.28354621,-0.013576354
-0.15077597,1.0425858
-0.31012848,-0.17607188
-0.35940322,1.3297415
-0.27981246,0.73312968
-0.064866818,0.7172448
-0.27687761,-0.34379724
-0.44651291,-0.029681059
-0.28251433,0.14908457
-0.19806238,-0.10117041
-0.24119765,1.052102
-0.49485162,1.3631103
-0.36665267,1.6661899
-0.088549927,0.61922336
-0.23517753,1.5704123
-0.18220621,-0.28694215
-0.47610867,0.9481588
-0.2545628,1.2330317
-0.22628547,1.5940443
-0.22719222,1.2228028
-0.27040628,-0.316008
-0.20626542,1.0977823
-0.21069998,1.5385571
-0.33484846,-0.11237063
-0.27177754,0.99693805
-0.32446608,0.91062057
-0.29115275,-0.084939674
-0.22126982,0.5507977
-0.25159645,1.0342513
-0.44012508,1.4674004
-0.41734976,1.4700764
-0.37927002,0.061320219
-0.47972497,0.21289697
-0.12614855,0.67934853
-0.082511112,0.94759816
-0.2156906,1.6416746
-0.41595826,0.16407251
-0.29358792,-0.46773869
-0.48976016,1.5642337
,
-0.36965391,0.58126986
,
-0.2029973,1.6304538
-0.20893557,0.059704982
-0.39608541,-0.26315185
-0.25629351,1.1081645
,
-0.36780256,0.20165427
-0.41710493,1.719404
-0.4125562,0.050834332
,
-0.35498807,0.58407927
-0.46881646,-0.21827945
,
,
-0.4095076,-0.38224983
-0.278974,-0.37902376
-0.47790974,0.14290403
0.017175637,0.67706871
-0.44183153,0.10991947
-0.27830923,-0.4688758
-0.31393766,0.099566251
-0.18938993,1.5806468
,
-0.4296093,0.2235508
,
-0.43324697,0.027021559
-0.20791793,0.60266227
-0.22766104,0.30335525
-0.29897597,0.20564869
0.0066804141,0.57418376
-0.43378574,-0.027069032
-0.22575364,-0.50999111
-0.28599811,1.6077542
-0.44232237,1.7101566
-0.09586031,1.6184992
-0.091140188,0.59597605
-0.39319661,-0.54549551
-0.39414528,0.31364992
-0.27495331,-0.45567849
,
-0.40609214,-0.44936833
-0.3978532,-0.55792457
,
-0.34044954,-0.34817022
-0.23914842,0.19045693
-0.10751216,0.59051752
,
-0.47548452,-0.10139743
-0.19661048,0.59829175
-0.19912878,0.42102298
,
,
-0.34851423,0.32058427
-0.13617942,1.6821749
-0.41221148,0.59543163
-0.10893656,0.57621908
-0.26120764,1.722846
,
-0.16006786,0.37610349
-0.22167994,1.7552693
-0.53553885,0.19053587
,
-0.25683391,0.27003121
,
-0.36064935,1.6388621
-0.13578424,0.49904981
-0.25002873,0.18360403
-0.35011885,-0.61139005
-0.43624526,-0.11574489
-0.14021218,0.44816101
-0.33636019,-0.26704139
,
-0.21558668,1.7288603
-0.44943151,0.521694
-0.19374256,0.36966234
-0.14982235,1.8183782
-0.22177146,0.050191142
-0.45909727,-0.4379968
,
-0.089749992,-0.91160083
,
,
-0.44536096,-0.44450542
-0.15340665,0.44777024
-0.21000516,1.7565023
-0.15722136,-0.58032596
-0.32727379,-0.73529315
-0.10005215,0.49820051
-0.18411528,0.24933904
-0.23444782,-0.24990048
-0.31410232,0.26596266
-0.3605209,0.26247618
-0.28994504,1.7546785
,
-0.40272158,0.20518412
,
,
-0.12031461,-0.6875
,
,
,
-0.068518609,-0.71656775
,
-0.33944735,-0.62391889
,
-0.17719492,1.8731538
-0.29857817,1.9276913
,
-0.26969841,-0.73010063
-0.35852081,-0.7609362
,
-0.40394616,-0.63176882
,
-0.070205361,-0.8186084
-0.26259691,-0.80599171
,
,
-0.38806555,-0.76151204
,
-0.37669727,-0.94565588
-0.40081677,-0.67777526
-0.40409231,-0.8363682
-0.10361034,-0.81143057
-0.50244308,-0.65916705
-0.41904628,-0.93260556
-0.46530604,-0.99522215
,
,
,
-0.27384859,1.761171
,
,
,
,
,
,
,
-0.46320277,-0.92524576
-0.33623564,-0.92882383
,
-0.36645645,-0.81225908
,
-0.18803966,-0.64868414
,
,
,
,
,
-0.46107757,-1.3964379
-0.47995368,-0.9218272
-0.44760549,-1.2040356
-0.44726372,-1.606032
-0.45637262,-0.90558678
-0.42687148,-1.3467656
-0.3186754,-1.1090599
-0.39408016,-1.1826681
-0.42978749,-0.87248516
-0.21816449,-1.3903302
-0.30785838,-1.0412915
-0.46526888,-0.87340522
-0.44590423,-1.1813161
-0.56147641,-1.25
-0.36845881,-1.4392847
-0.35099277,-1.0701554
-0.31530762,-0.82321972
-0.23350342,-1.0870714
-0.29356802,-1.3207477
-0.16238476,-1.0534306
-0.24257989,-0.89308751
-0.46214634,-0.92772955
-0.25602871,-1.4375
-0.33704934,-1.121294
-0.32693356,-1.3693941
-0.27669638,-1.2815769
-0.26645964,-1.0571975
-0.41215047,-1.1948334
-0.26108438,-1.1977128
-0.39555857,-1.067301
-0.22416614,-1.4267045
-0.26908764,-1.2782687
-0.42259979,-1.2089212
-0.24098743,-1.4417976
-0.15516342,-1.1912779
-0.36100441,-1.2545048
-0.21702848,-1.2367108
-0.22473724,-1.3605504
-0.3885549,-1.46735
-0.12170082,-1.2547005
-0.24437432,-1.3425303
-0.40650007,-1.2680938
-0.11528546,-1.4401702
-0.33920121,-1.5572559
,
,
,
,
,
,
,
,
,
,
,
,
,
,
,
,
,
,
,
,
,
,
,
,
,
,
,
,
,
,
,
,
,
,
,
,
,
,
,
,
,
,
,
,
,
,
,
,
,
,
,
,
,
,
,
,
,
,
,
,
,
,
,
,
,
,
,
,
,
,
,
,
,
,
,
,
,
,
,
,
,
,
,
,
,
,
,
,
,
,
,
,
,
,
,
,
,
,
,
,
,
,
,
,
,
,
,
,
,
,
,
,
,
,
,
,
,
,
,
,
,
,
,
,
,
,
,
,
,
,
,
,
,
,
,
,
,
,
,
,
,
,
,
,
,
,
,
,
,
,
,
,
,
,
,
,
,
,
,
,
,
,
,
,
,
,
,
,
,
,
,
,
,
,
,
,
-0.087887466,1.4216868
-0.15231931,1.4173017
-0.10924705,1.3957971
-0.088764489,1.2235873
-0.26987025,0.15999997
-0.27533582,0.046827223
-0.17402479,1.4940684
-0.27211207,0.045983661
-0.12020169,1.377836
-0.23610455,0.3630217
-0.088754416,1.4753882
-0.11272323,1.2725221
-0.079305328,1.17225
-0.276591,0.20253165
-0.2415389,0.96994239
-0.21266569,0.35682273
-0.11695688,1.1127013
-0.15950263,1.6376934
-0.28091735,-0.15847458
-0.25471798,0.82388604
-0.18127573,0.36840001
-0.25666869,-0.33830619
-0.29929775,0.31010455
-0.10158104,1.6471698
-0.077963069,1.650924
-0.23360316,0.3856383
-0.15625468,1.0912994
-0.29161945,-0.17390874
-0.1754286,1.1424065
-0.11775674,1.8291873
-0.076608621,1.5983971
-0.23779522,-0.27306017
-0.13550197,1.6542056
-0.20748216,0.44536451
-0.16285616,0.83506858
-0.2787416,-0.2303521
-0.14896984,1.748454
-0.26556504,0.55092806
-0.10514911,1.778921
-0.23440632,0.15982847
-0.10883008,0.95561242
-0.19835204,0.96485186
-0.28661701,0.41889048
-0.18853734,0.63617831
-0.19128872,-0.38140035
-0.30651775,-0.48381189
-0.22467124,-0.30340558
-0.2663469,-0.23251291
-0.13460885,0.93801087
-0.10558825,1.8864093
-0.19660687,1.2190917
-0.27731246,0.67186844
-0.18784961,0.61325252
-0.26632589,0.93485856
-0.16352411,1.0806738
-0.10676306,1.6770802
,
-0.19930199,-0.40109387
-0.27564582,0.27988011
-0.25854865,0.58883399
,
-0.11604209,1.6956443
,
-0.29853031,0.67530376
-0.12963688,1.9102734
-0.12306516,0.80471432
-0.24281122,0.54093397
-0.058234088,1.7561048
-0.19028506,0.7324813
-0.26869088,-0.42343599
-0.27714619,-0.64567417
-0.11163142,0.87848604
0.016440446,2.0040526
,
-0.30169314,-0.47185865
-0.073958546,1.8191489
-0.25794873,-0.43405738
-0.25844744,-0.67342043
-0.33761942,-0.43747473
-0.075787663,1.8385876
-0.30689621,-0.85641026
-0.28754455,0.82236648
-0.29567233,-0.80194449
-0.32442898,-0.57164139
-0.26772863,-0.57264209
-0.31199878,-0.5661431
0.031540126,1.9504644
-0.30954483,-0.51280928
-0.21320376,-0.66022545
-0.22327283,0.74145561
-0.26810354,-0.94896221
-0.0086461455,1.9864326
-0.24487147,-0.73881656
-0.51394761,-1.0136986
-0.21071932,-0.61856139
-0.28383788,-0.86938405
-0.17863078,1.76196
-0.25372955,-0.71474457
,
,
-0.23337214,-1.0765704
-0.33911362,-0.76502091
-0.19482726,-1.0242273
-0.13906002,-0.74517387
-0.28879574,-0.85841167
-0.35740843,-0.80101043
-0.29941383,-1.0421585
-0.38074419,-1.0545723
-0.34647012,-1.2764308
-0.31168336,-0.89717311
-0.30825254,-0.94139111
-0.41388103,-1.4735408
,
-0.28933212,-1.2175932
-0.091360584,-0.9050892
-0.31373683,-1.2302276
,
-0.39159581,-1.1494362
-0.28540838,-1.0550759
-0.14362732,-0.95268506
-0.40997967,-1.3947228
,
-0.3655605,-1.3983501
,
-0.40457445,-1.1591556
-0.38645247,-1.3221711
-0.32827836,-1.4634738
,
-0.15457164,-1.4872993
-0.34731677,-1.4758842
,
-0.21351133,-1.3064688
,
,
-0.17979023,-1.5828694
-0.20461093,-1.3245224
,
-0.097854733,-1.5781059
,
,
-0.34208125,-1.3488933
,
0.11489263,1.037652
0.18844506,0.83561367
0.14891195,0.81909996
0.047875896,1.2803359
,
,
0.096392304,-0.018488606
0.1997575,-0.13498861
0.12846586,-0.17188579
0.12867047,1.1724571
0.1546488,1.0286455
0.23353866,0.63344127
0.16358468,-0.32788724
,
0.090189233,0.72738951
,
,
0.24463674,0.01306271
0.20729396,0.67371011
,
-0.066500291,0.50320238
0.31545272,-0.10870305
-0.088138089,0.78129834
0.063531891,1.1166049
0.081785202,1.4873058
0.15153219,0.66665387
0.070846826,0.76813787
0.092870057,1.2808579
0.21380341,-0.19733027
0.11339292,1.6132482
0.18411806,-0.40994668
0.17210743,0.13735987
,
-0.027361646,0.79686165
,
0.23972198,0.96730328
-0.018143773,1.0042851
0.21156535,-0.3595852
0.052850753,1.4754115
0.097119287,0.54891652
,
0.35083982,-0.012972692
0.097217351,0.60784668
0.26993412,-0.20098469
0.15006228,0.56950527
0.21699685,1.0181855
,
0.24104828,-0.61719954
,
0.17236361,-0.31979299
,
0.14575276,0.75862485
0.15785491,0.53067434
0.37982967,0.24479786
-0.04245472,1.4142128
0.11385685,1.4823365
0.19559275,1.0023857
,
0.26803267,-0.10115872
0.040138721,1.4178277
0.43403754,-0.10132501
0.19632274,-0.43241182
,
0.16425271,0.67043442
0.13754404,0.6450876
0.44379455,-0.10743392
0.12844487,1.8545352
,
0.18347345,0.11588727
0.077490583,-0.56887847
,
,
,
0.2747412,-0.29950368
0.36441755,0.14790501
,
0.19146402,0.087816752
,
-0.065740123,0.56141406
0.14667045,-0.75273031
0.3705399,-0.30634031
0.089367472,-0.50124234
0.041463364,0.020306362
,
0.13738218,-0.50456214
,
-0.090746351,0.44262886
0.30864036,-0.35217774
0.24461766,0.43841067
0.28448531,0.24189927
,
0.25019872,-0.32547194
0.3668659,-0.67494917
,
0.14555359,-0.79598099
0.15300281,-0.62321752
0.16129233,-0.8989833
0.45779318,-0.69508028
,
0.39593554,-0.45116594
,
,
,
0.28641582,-0.91271466
0.22287542,1.6259123
,
0.38464198,-0.94103485
,
,
,
,
,
,
,
,
,
,
,
,
,
,
,
,
,
,
,
,
,
,
,
,
,
,
,
,
,
,
,
,
,
,
,
,
,
,
,
,
,
,
,
,
,
,
,
,
,
,
,
,
,
,
,
,
,
,
,
,
,
,
,
,
,
,
,
,
,
,
,
,
,
,
,
,
,
,
,
,
,
,
,
,
,
,
,
,
,
,
,
,
,
,
,
,
,
,
,
,
,
,
,
,
,
,
,
,
,
,
,
,
,
,
,
,
,
,
,
,
,
,
,
,
,
,
,
,
,
,
,
,
,
,
,
,
,
,
,
,
,
,
,
,
,
,
,
,
,
,
,
,
,
,
,
,
,
,
,
,
,
,
,
,
,
,
,
,
,
,
,
,
,
,
,
,
,
,
,
,
,
,
,
,
,
,
,
,
,
,
,
,
,
,
,
,
,
,
,
,
,
,
,
,
,
,
,
,
,
,
,
,
,
,
,
,
,
,
,
,
,
,
,
,
,
,
,
,
,
,
,
,
,
,
,
,
,
,
,
,
,
,
,
,
,
,
,
,
,
,
,
,
,
,
,
,
,
,
,
,
,
,
,
,
,
,
,
,
,
,
,
,
,
,
,
,
,
,
,
,
,
,
,
,
,
,
,
,
,
,
,
,
,
,
,
,
,
,
,
,
,
,
,
,
,
,
,
,
,
,
,
,
,
,
,
,
,
,
,
,
,
,
,
,
,
,
,
,
,
,
,
,
,
,
,
,
,
,
,
,
,
,
,
,
,
,
,
,
,
,
,
,
,
,
,
,
,
,
,
,
,
,
,
,
,
,
,
,
,
,
,
,
,
,
,
,
,
,
,
,
,
,
,
,
,
,
,
,
,
,
,
,
,
,
,
,
,
,
,
,
,
,
,
,
,
,
,
,
,
,
,
,
,
,
,
,
,
,
,
,
,
,
,
,
,
,
,
,
,
,
,
,
,
,
,
,
,
,
,
,
,
,
,
,
,
,
,
,
,
,
,
,
,
,
,
,
,
,
,
,
,
,
,
,
,
,
,
,
,
,
,
,
,
,
,
,
,
,
,
,
,
,
,
,
,
,
,
,
,
,
,
,
,
,
,
,
,
,
,
,
,
,
,
,
,
,
,
,
,
,
,
,
,
,
,
,
,
,
,
,
,
,
,
,
,
,
,
,
,
,
,
,
,
,
,
,
,
,
,
,
,
,
,
,
,
,
,
,
,
,
,
,
,
,
,
,
,
,
,
,
,
,
,
,
,
,
,
,
,
,
,
,
,
,
,
,
,
,
,
,
