-0.48472774,0.00033293371
-0.34765953,0.010034128
-0.41459125,0.23645937
-0.31782055,-0.11306601
-0.48823023,0.033559922
-0.47263771,0.25945419
-0.38956699,0.11973172
-0.47250998,0.14841747
-0.52963573,-0.066293813
-0.49816775,0.21893053
-0.3904188,-0.20324275
-0.40919653,0.21149983
-0.41984025,0.25182778
-0.35255742,-0.23468356
-0.56624192,-0.098491192
-0.46259034,0.074079588
-0.3979263,0.16751981
-0.41036505,0.088461295
-0.41452172,0.20603035
-0.44557351,-0.036104161
-0.30026469,0.32994732
-0.51324511,-0.02062002
-0.30197075,0.22500759
-0.43100196,0.24031505
-0.30572441,0.38599157
-0.46814021,0.22377549
-0.39528206,0.055124942
-0.26415765,0.21287693
-0.51560974,-0.0042153685
-0.39464206,0.16796622
-0.47697005,0.2066576
-0.44528401,0.18765463
-0.2643179,0.25065732
-0.43297428,0.033606142
-0.45862418,-0.048832551
-0.44389498,0.27256307
-0.24725656,0.17015857
-0.43956429,-0.018346542
-0.54118842,0.16743015
-0.42910656,0.03689637
-0.46383521,0.329427
-0.27263251,0.21488297
-0.53699714,-0.30357111
-0.53843409,-0.1971869
-0.31412205,-0.16141218
-0.36638546,0.45359981
-0.48007217,0.24677111
-0.32100579,0.34565693
-0.51574123,-0.19645761
-0.44619685,-0.37889659
-0.46338418,0.31051302
-0.42767584,0.088625647
-0.37517473,0.11803339
-0.26585239,0.068840191
-0.27667055,0.17504026
-0.6386916,-0.39227325
-0.54506361,-0.055046923
-0.28863233,0.24106602
-0.22848804,0.045170784
-0.45190662,-0.15371911
-0.42448395,0.080322117
-0.63929188,0.27315494
-0.45369735,-0.19127357
-0.58813,0.054629851
-0.61168921,-0.092089638
-0.53781879,-0.31878254
-0.38357344,-0.030293498
-0.51539814,0.304892
-0.39637226,0.24846561
-0.25006965,-0.16487318
-0.46593359,0.0075720968
-0.32288072,-0.34309104
-0.52769363,-0.1741415
-0.34229687,0.12605487
-0.3500078,-0.062782869
-0.34841785,0.10527477
-0.41259095,-0.17588855
-0.47295529,-0.3316884
-0.43845099,0.0042218552
-0.37526625,0.25148642
-0.63335967,-0.32683599
-0.54966199,-0.3469114
-0.4945049,-0.21512455
-0.64804906,0.23230812
-0.47646829,-0.016834235
-0.32457846,-0.098421119
,
-0.29546064,-0.29957965
-0.60482365,-0.40673447
-0.59879816,-0.1664018
-0.51618546,-0.0054408824
-0.63214439,-0.11512211
-0.44627562,-0.59012681
-0.55613148,-0.11518359
,
-0.3014257,0.082984127
-0.67943567,-0.39124778
,
-0.48606884,-0.36817777
,
-0.41917554,-0.036029115
,
-0.51573193,
0.29109231,0.036891531
0.23132652,-0.0064103417
0.24896975,0.0068096719
0.2532911,-0.042062346
0.26714942,0.006796021
0.23197289,-0.060837995
0.11788171,-0.167548
0.11905904,-0.10284383
0.23452392,-0.073558435
0.16739902,-0.0081080655
0.20319097,-0.067173012
0.25834942,0.020018786
0.20870227,0.040843219
0.26305971,-0.069504328
0.062345982,-0.15208107
0.17084701,-0.018362314
0.18004394,-0.015072442
0.24263439,-0.020182628
0.19947216,-0.067625232
0.21527717,-0.058954105
0.17122586,-0.13049871
-0.00062495924,-0.22570087
0.23329498,0.033505592
0.30741721,-0.038350981
0.21335717,-0.044879418
0.11508625,-0.16285838
0.27108592,-0.050591309
0.19517416,-0.092211932
0.256446,-0.16407187
0.24637325,0.021090914
0.2397687,-0.069596894
0.23018847,-0.074401416
0.24978772,-0.0062439754
0.25973269,-0.071298614
0.20165402,0.01975536
0.2307554,-0.069011152
0.13175829,-0.097867474
0.13570988,-0.058237407
0.26050541,-0.11145224
0.26874825,-0.063921139
0.23058285,-0.20508534
0.20857191,-0.061029084
0.19180252,-0.0079975268
0.21826461,-0.10100734
0.35950872,0.046298616
0.021026019,-0.25850973
0.26577455,-0.044758938
0.26786822,0.098024137
0.17886832,-0.00011201044
0.22529405,-0.065338537
0.26147151,-0.077709526
0.22005652,-0.10630182
0.06087631,-0.20387578
0.20751196,-0.079594083
0.31795344,
0.061418585,-0.18447177
0.31012681,0.02621712
0.30306801,0.10219641
0.3019383,0.007249868
0.19239894,-0.086903229
0.22970645,-0.02983062
0.21001974,0.05059018
0.25648952,-0.060787309
0.29256037,-0.061593037
0.18195616,-0.086207829
0.27599448,-0.023792734
0.35293967,0.074722134
0.42730382,0.12035029
0.19216602,-0.090926521
0.15566729,-0.037904274
0.341517,
0.24462719,
0.27425826,-0.12238503
0.25197974,-0.065453045
0.17914791,-0.03373171
0.34570462,0.069117598
0.18692784,-0.10347336
0.16859248,-0.062226053
0.27656075,0.041355986
0.30960989,-0.021148186
0.33318099,0.026837517
0.18240096,-0.035059862
0.2437143,-0.0012937624
0.13597153,
0.2206807,-0.076041192
-0.0055177389,
-0.021943007,-0.21717359
0.14427793,-0.13664432
0.33475587,0.070377029
,
0.10723899,-0.080199152
0.45028105,0.15604272
0.25918794,-0.066259563
0.23269324,-0.18612957
0.26874638,-0.05595915
0.40534458,0.066172786
0.17845888,-0.11794928
0.28966779,-0.088497683
,
0.30553743,
0.27515459,-0.050463554
0.23731795,0.061453484
0.25268942,0.084928185
0.17998615,-0.055309698
0.21709886,-0.05658482
0.36814538,0.11440355
0.083114646,-0.054897856
0.14522146,-0.12255699
0.19322349,-0.10078189
0.14190787,-0.10011924
-0.10658754,0.026061533
0.2998856,0.16862465
0.30062324,0.17336345
0.23470616,-0.08473967
0.238804,0.09144029
0.2391208,-0.19889599
0.21956012,-0.089604221
0.19852988,-0.097984612
0.20624381,-0.017165298
,
,
0.18437469,-0.1319792
,
0.30970833,-0.03121281
0.18673413,-0.20132773
0.2611191,-0.19763091
0.20204341,-0.21281692
0.14209922,0.015209668
0.32213262,-0.12500262
0.18076029,-0.052095041
0.36721289,-0.041299954
0.21133101,0.0020438065
,
,
,
,
0.21976802,-0.20490187
0.2415316,-0.2577703
,
0.04173873,-0.074327268
0.1128263,-0.0089448271
,
0.32463846,
,
0.34000263,0.17330267
0.12886892,-0.16357534
0.16892345,-0.11856936
,
,
0.45293745,0.28384364
,
0.14712852,-0.25396729
,
,
,
,
,
,
0.43563876,0.19666311
-0.64349073,-0.28654364
-0.60842055,-0.33863682
-0.67850661,-0.033072177
-0.7154671,-0.13393134
-0.46737227,0.52506733
-0.38571158,0.079723276
-0.25783709,0.14549375
-0.60041994,0.15099132
-0.49772701,-0.086341336
-0.40487975,0.24268003
-0.62114745,-0.27944973
-0.52859157,0.39192861
-0.45703065,0.0078017456
-0.57401568,0.52729994
-0.65258878,-0.17783797
-0.49070543,0.14973995
-0.78119308,-0.2482361
-0.63173878,0.43803972
-0.42616746,0.38465557
-0.2198626,0.21450599
-0.26061717,1.8724948
-0.65331095,-0.34214309
-0.54842532,0.22840944
-0.52915359,0.15841621
-0.62192678,3.8803856
-0.41575611,0.096610419
-0.69142371,-0.047354273
-0.18303479,1.9195781
-0.53925401,2.3736775
-0.40075967,0.16020787
-0.39936382,2.0598445
-0.59927797,0.56359124
-0.42416731,0.2342988
-0.53907442,0.12992457
-0.55540508,0.17798823
-0.72729939,-0.099561304
-0.55402321,0.14165245
-0.25245208,-0.027454117
-0.54975361,0.59495157
-0.18179786,0.19628279
-0.44362974,0.55275732
-0.61121303,0.35152376
-0.42261806,
-0.34206557,0.14557935
-0.24628037,-0.060219988
-0.34833422,0.29167616
-0.57472187,0.1370734
-0.39251727,2.2147975
-0.48921895,0.28731877
-0.57342124,0.67831808
-0.42966381,0.3356519
-0.34188193,7.2551522
-0.30995125,1.7134337
-0.64225388,-0.10598628
-0.39000937,0.24625207
-0.50903541,4.3781776
-0.50719059,0.030474875
-0.51412129,5.0106235
-0.37843612,1.9688435
-0.72586358,-0.18947552
-0.2166975,0.087183602
-0.54370594,0.076248504
-0.59680176,0.13675337
-0.37472072,0.32094848
-0.58503652,-0.20390773
-0.7689448,-0.29570878
-0.11558231,0.16666904
-0.43393892,0.70342094
-0.26676899,
-0.52652061,2.2965593
-0.34565416,5.0726357
-0.38891318,0.4320966
-0.33220357,0.40092558
-0.28952226,-0.015168952
-0.67167592,-0.26881981
-0.46988964,5.5222411
-0.59228081,-0.076736808
-0.51127446,0.61942869
-0.82717597,
-0.26298043,
-0.72064012,-0.13998535
-0.71560252,-0.38443878
-0.73411661,-0.056096755
-0.58894497,
-0.48824865,0.27241367
-0.47478402,0.51424253
-0.30670312,
-0.67435938,2.628268
-0.60426879,-0.26771891
-0.25927344,
-0.50736022,2.1596539
-0.67149484,-0.20107962
-0.4278411,0.29197451
-0.4604502,-0.21693116
-0.015293738,1.5365981
-0.74550819,
-0.53100133,
-0.64171106,-0.16927117
-0.55954498,-0.054973811
-0.44265848,1.4684514
-0.48441666,0.3012763
-0.73000073,
-0.64940381,-0.4252907
-0.20508827,
-0.5816651,3.0093372
,
-0.54866415,
-0.73391765,
-0.2571035,
-0.45722893,
0.04639845,1.4252985
-0.4631438,0.34854952
-0.63146287,2.279856
,
-0.5623008,
,
,
,
,
-0.42663512,
-0.022818079,
,
,
,
-0.38363689,
0.15247272,0.046784852
0.17372547,0.0042635133
0.23324858,-0.017350871
0.11730734,0.006572342
0.1132786,0.063772596
0.12697135,0.073012613
0.10787544,0.022534003
0.23995815,-0.018615481
0.12774909,-0.040213842
0.076277293,-0.028059117
0.15260357,0.022506053
0.18664733,-0.016519917
0.072940163,0.046009198
0.099926725,-0.022363426
0.08974874,0.010355769
0.12726165,-0.050373305
0.23615788,0.055999003
0.14122874,-0.024897754
0.25762543,-0.015097605
0.18063487,0.016292363
0.11203194,0.093097985
0.12663527,-0.040038157
0.1231162,0.019280693
0.22801903,0.27136973
0.098298132,0.10123586
0.14493309,-0.025924632
0.11544874,0.008093684
0.21255951,-0.021981932
0.16513892,-0.01640277
0.22119984,-0.0064515378
0.17164254,0.02070847
0.097411081,0.019849844
0.25719216,-0.012395254
0.13432066,0.023609303
0.037365545,0.051417738
0.15320423,-0.038870953
0.13144591,-0.051431086
0.13812885,0.036167424
0.10781163,0.022382146
0.23691392,-0.010256558
0.28865606,-0.12397914
0.13838893,-0.021975374
0.16781873,-0.032339163
0.046983328,0.041730437
0.20574524,0.19799563
0.1732365,-0.064582385
0.085186563,-0.0047470448
0.19869865,-0.0027488498
0.072001904,0.097437032
0.10159461,0.13959958
0.19559784,0.16530246
0.17426215,0.0061120666
0.14996378,0.043607015
0.15629613,-0.04275921
0.057152838,0.09392184
0.18287364,-0.0092823813
0.07863228,-0.00018543885
0.1515933,0.0054062465
0.16312614,0.012188869
0.2140983,-0.02161042
0.18731457,0.0057223081
0.15281816,0.028120406
0.21729846,0.012055822
0.12677172,-0.024595639
0.054698601,0.050746925
0.20851345,0.0018309708
0.21378727,0.034779128
0.20679474,-0.024848484
0.2209278,-0.033782188
0.11507954,0.036991611
0.22359407,-0.044784382
0.19078229,-0.016290592
0.24580373,-0.053391755
0.1693812,0.053169277
0.13637711,0.019056765
0.082704552,0.083688043
0.13728283,-0.076501086
0.17825978,-0.011328546
0.13974853,-0.06884037
0.066053793,0.074937105
0.2810629,-0.031925347
0.1670288,0.072466835
0.23729536,-0.026521759
0.071602337,-0.041131742
0.15871519,0.018376008
0.23744132,0.0094239675
0.21083598,0.091066666
0.16934347,-0.018976474
0.26203501,0.22710381
0.21649523,-0.019017586
0.10363366,0.14897992
0.20055911,
0.12640995,-0.0081898049
0.12736644,0.18723772
0.21202748,0.02702659
0.29143566,-0.15795518
0.098036036,0.025960691
0.22243486,0.21035571
0.19055597,0.044343408
0.1748662,0.057317439
0.1056225,0.1306152
0.22788848,0.12015633
0.18057789,-0.050335843
0.11759812,0.1381415
0.14085303,0.063034654
0.21527052,-0.014704096
0.21987408,0.016814793
0.13733134,0.094547786
0.12053939,0.0083395792
0.20560405,0.20136505
0.20662107,-0.042996358
0.22187543,-0.035110205
0.16320154,0.0520893
0.079603851,0.065528668
0.16415925,-0.070803329
0.16052218,0.20850478
0.13108373,-0.064482398
0.20094812,0.1012316
0.2473488,0.023528118
0.096260481,-0.091667868
0.13729677,-0.052293789
0.24891524,-0.035485663
0.22874485,0.013758155
0.11098158,-0.099480145
0.088207297,-0.26655269
0.25693563,-0.0077445605
0.11913384,-0.039400127
0.11057858,0.02170898
0.11949043,-0.033878744
0.12943791,-0.11665145
0.053274006,0.026931401
0.2355125,0.20358233
0.2678977,0.020080261
0.086688146,0.046574876
0.3356007,0.23575875
0.051541787,0.01040011
0.19111659,0.024848778
0.14799893,-0.13257504
0.044229034,-0.24180828
0.20210306,-0.01398155
0.21492155,-0.013905568
0.13574941,-0.098860227
0.22889806,-0.062670022
0.13542008,0.029308105
0.12099943,0.0086471727
0.048862576,-0.0066289646
0.18364617,-0.088415921
0.19008169,-0.10481638
0.10421372,0.084117517
0.11229718,-0.12604807
0.18648826,-0.047933329
0.17566445,-0.023578962
0.11880626,0.0089960108
0.15185153,-0.10332098
0.1287245,0.084904939
0.19880542,-0.1116116
0.027568392,0.065855153
0.062163975,0.057414308
0.056889463,0.14517854
0.13027135,-0.077689186
0.16039459,0.079567216
0.26824829,-0.037851006
,
0.1751028,0.0036746222
0.2539123,0.018888701
0.20452856,-0.030335123
0.30411333,0.05175275
0.31249285,0.076396443
0.26450905,-0.029367214
0.19366573,-0.033838775
0.25592113,0.02575144
0.27078342,-0.065134205
0.28208283,0.020376272
0.23515788,
0.33661148,-0.018599113
0.19481146,-0.036072858
0.20117125,-0.0030719582
0.32824698,-0.02148946
0.27355343,-0.016827742
0.25389278,-0.0043091439
0.24479474,0.0036972719
0.18562751,-0.046616741
0.22895312,-0.11641543
0.30911312,
0.23591258,-0.064059205
0.18112667,-0.065351576
0.24200508,0.0041578994
0.27412707,-0.010708026
0.34603927,
0.19990379,-0.027386734
0.25536266,-0.12201426
0.2860578,0.018244717
0.21591289,
0.22453351,
0.31751287,0.069922477
0.25637498,-0.024601964
0.25444445,-0.058719508
0.21556532,-0.084642671
0.17612724,-0.094416283
0.19490077,
0.20260693,-0.082758099
0.21086146,-0.061017688
0.33218792,-0.10764815
0.17176405,
0.18993536,
0.23447795,-0.088653013
0.1811105,-0.038548164
0.21047288,
0.22266042,
0.20483394,
0.3162694,-0.051319804
0.15412694,
0.1851456,
0.22668187,
0.16900738,
0.23265214,-0.026753234
0.15314768,-0.086606734
0.25107104,0.038779091
0.23616317,-0.079100154
0.1993892,
0.20661777,-0.030083451
0.31031236,-0.092749089
0.18667077,
0.29549336,-0.07794477
0.17046927,
0.36935705,
-0.0053403336,
0.2179108,
0.17482953,
0.18808581,-0.055959638
0.27454123,
0.38381359,
0.081514433,
0.2249954,
0.14686751,-0.059306942
0.18073292,-0.030347375
0.17123058,
0.35472715,-0.0015561824
0.12109637,
0.26582938,
0.20506994,
0.2723912,-0.068015784
0.20039746,
0.22129123,0.060051441
0.16039293,-0.12505731
0.16523257,
0.49052748,
0.16369252,
0.35708097,
0.17914553,
0.15101475,
0.18977332,
0.18133709,-0.10772142
0.23060265,
0.1595933,
0.19588941,
0.16829339,
0.23552324,-0.0011990162
0.37232798,
0.31012681,-0.038798951
0.15154663,-0.062413383
0.2164003,
0.23845899,0.075765878
0.14833136,-0.078716651
0.25746277,-0.01695637
0.16275327,
0.26412886,
0.3241334,
0.16023982,
0.12974152,
0.35708046,
0.56666678,
0.27165094,
0.2885932,
0.19864589,-0.042099468
0.11815522,-0.12721214
0.40840307,
0.16878413,
0.5110507,
0.17019501,-0.12324795
0.17940705,-0.058441039
0.29431456,
0.29605424,
0.35965908,
0.14055911,-0.08156614
0.206425,-0.043776039
,
,
0.10731664,-0.12702349
0.24636181,-0.18034622
0.14210324,
0.20282792,0.034275778
0.46382752,
0.051012252,
0.0015778263,
0.19873123,-0.007665385
0.29835817,-0.030101221
0.2879357,
0.39184782,
0.083095193,-0.041310042
0.11099312,-0.087540656
0.20145272,-0.092823066
0.16257617,
0.25545084,-0.007780903
0.22762384,-0.03407228
0.17349167,-0.035187043
0.25656942,-0.086494222
0.12800367,-0.11135247
0.19411057,-0.11512707
0.39062503,
0.093885139,
0.33173501,
0.24772134,-0.11655278
0.088373907,-0.024346864
0.17445087,
,
-0.57973146,-0.22871006
-0.69024813,0.66275942
-0.05255824,-0.72276211
-0.56944621,0.0070948815
,
-0.60010946,-0.17032707
-0.67846048,0.56391764
-0.67839491,-0.23053159
-0.71524358,0.62605631
-0.70365936,-0.078510307
-0.76369023,0.57590836
-0.72414458,-0.26123482
-0.6710068,0.60682023
-0.54320955,-0.043401048
-0.71407491,0.52985263
-0.60747695,-0.038570438
-0.4666355,0.02478388
-0.63487101,0.61377621
,
-0.61503816,-0.12785113
,
-0.70918691,
-0.61254501,-0.022703154
-0.52173024,0.42569405
-0.70567989,0.58579779
-0.76318723,-0.25302222
-0.44771951,0.54094821
,
-0.68976247,0.54594684
-0.45832253,0.55244339
-0.61448026,0.67319942
-0.44986701,0.037460525
-0.5096845,-0.06493517
-0.56562203,0.068087839
-0.80609024,0.55331749
-0.62100053,-0.1102518
-0.62713665,0.026305078
-0.62937135,0.57412964
,
-0.62085509,-0.20982613
,
-0.55403286,0.41881275
-0.69554162,0.59901947
,
-0.77658862,0.46762139
-0.51578712,0.42182782
-0.80448407,0.5335592
-0.26974499,
-0.74645096,-0.2723259
-0.59560359,0.35280231
-0.78799593,-0.25559932
-0.5092814,0.47857699
-0.51147085,0.41152346
-0.76887614,0.43245673
-0.10021588,
-0.59519118,-0.0008313646
-0.60119832,-0.051158749
-0.68273711,0.49634677
-0.54794824,-0.07267727
-0.7452445,0.51648772
,
,
-0.76446092,0.53539598
-0.64002913,-0.32282785
-0.70149362,-0.31628424
-0.55496109,-0.0951939
-0.44448078,0.52083445
-0.6485393,0.019167623
-0.664204,-0.26271939
-0.60894191,0.36511728
-0.67418385,0.45254141
-0.59376556,0.41139966
,
-0.748869,0.41518161
-0.7407884,0.5218519
-0.52872241,-0.16033256
-0.77711183,0.48053211
-0.57805109,0.70816678
-0.51270264,-0.18864085
-0.47017816,-0.19776943
-0.66443074,-0.087467805
-0.72613782,-0.33330676
-0.67488307,-0.16243739
-0.39616066,-0.064066261
-0.57329154,-0.078024343
-0.69079602,0.43496856
-0.72134507,-0.2941047
-0.40322611,0.39103961
-0.72460783,0.45892048
-0.63096476,-0.45385736
-0.70096546,0.61053848
-0.50726193,0.3264285
-0.67929912,0.31309822
,
-0.77613205,0.51086396
-0.47321638,0.35657761
-0.5236603,0.39423195
-0.52656126,0.41072422
-0.47798488,0.62996817
-0.70250404,-0.18834214
-0.75487787,-0.22095074
-0.40562579,0.62201303
,
-0.66615361,0.53356928
-0.71340221,-0.14987554
-0.60484034,-0.14277473
-0.62346095,0.44301644
-0.65128684,0.5948227
,
-0.6842466,-0.27444384
-0.66186035,0.38224518
-0.78872818,0.40348253
-0.51336837,-0.20374238
,
-0.61488843,-0.16847236
-0.69401056,0.54502141
,
-0.7995494,-0.30725476
-0.62393761,-0.066643782
-0.7410177,0.42033902
-0.4849748,0.4350813
-0.46976289,0.015913224
-0.76007259,0.36176845
-0.73630071,0.42311117
-0.56921703,0.28157505
-0.49013197,-0.46227175
-0.45645338,-0.4750903
-0.8110202,0.54649681
,
-0.42196518,
-0.56056333,0.44515678
-0.51711029,0.51790047
-0.74955308,0.47331849
-0.71625912,-0.28128663
-0.56801558,0.48179632
-0.50587362,-0.093185559
-0.63112581,0.56286496
-0.23811206,0.30544066
-0.44122225,0.44863978
-0.61014742,-0.11992431
-0.64839405,0.35860327
-0.7909385,0.30718514
,
-0.71347392,0.52104253
-0.62062073,0.60578281
-0.80190557,-0.34537402
,
-0.53795946,-0.26034132
-0.79511446,0.44820678
-0.76186764,0.48456889
-0.73002255,0.41791397
-0.55515611,0.27715296
-0.65616882,-0.31509501
-0.47554433,
-0.52773267,0.28243926
-0.7740314,0.52539003
-0.64604717,0.55640078
,
-0.64740419,0.55329859
,
,
-0.55067503,-0.060615815
-0.55891043,0.32100871
-0.70647657,-0.24096502
,
-0.53241783,0.49500069
-0.6017822,0.41974089
-0.71792781,-0.42391875
-0.6097607,0.56572521
-0.73677361,0.40519923
-0.62075901,-0.30329391
-0.60395586,0.38361236
,
-0.5171901,0.53317016
-0.42696682,0.52120656
-0.72454637,0.6400134
-0.55768329,0.52126014
-0.77113205,0.44147724
,
-0.33053222,-0.2093308
-0.50315464,0.61494267
-0.52629977,0.26267838
-0.66273898,-0.13861564
-0.41096729,0.23054264
,
-0.63613546,-0.31347987
-0.36643338,-0.38893008
-0.51930368,0.48743048
,
-0.45635805,0.51896596
-0.42677435,0.057557847
-0.45060116,0.58950496
-0.78034729,0.32170543
-0.82414138,0.37269539
-0.51285726,-0.52198362
-0.73840702,-0.28148177
-0.67631084,0.58299381
,
-0.40364909,
-0.46590781,1.509991
-0.68100828,-0.47836727
,
-0.73478788,0.48019469
,
-0.5158928,0.61103618
,
,
,
-0.72415984,0.5315547
-0.58393198,0.5887447
-0.49179953,
-0.70413911,0.51538861
-0.5221718,0.2480178
-0.53354794,0.37736356
,
,
-0.53521222,0.42192772
,
,
-0.78704286,0.33818829
-0.6682294,0.45616797
,
-0.56417531,0.39081407
-0.53062677,-0.039954815
-0.75138068,-0.26138073
-0.31465545,0.39846331
-0.71536261,0.50710547
,
,
,
,
,
-0.5238632,
-0.59434372,0.44636777
-0.39413288,1.9763024
,
,
-0.67930549,0.46692437
,
-0.73600131,0.33692458
,
-0.14157709,-0.1293112
,
-0.23628664,0.10102391
-0.55583775,-0.15714636
-0.49441111,
,
,
,
-0.40467763,-0.37136975
,
-0.66994715,0.52966344
,
0.31875283,-0.043047037
0.24785997,-0.16524048
0.20775799,-0.15764961
0.21649475,-0.043965474
0.19500481,-0.16453791
0.30762941,-0.057130709
0.27573976,-0.14519054
0.21112545,-0.12020007
0.20261234,-0.14160472
0.19694152,-0.10095381
0.23106277,-0.11821134
0.27804798,-0.048377555
0.2157301,-0.18667199
0.26794481,-0.094642296
0.20396206,-0.03866763
0.27982727,-0.10602364
0.30765024,-0.19006868
0.1779591,-0.052247807
0.22420387,-0.067560323
0.36244547,-0.14555725
0.30873343,-0.034591068
0.19676718,-0.060699791
0.24264361,-0.11625943
0.16962707,-0.086884968
0.15724723,-0.12276584
0.44165921,-0.10862906
0.2609686,-0.10811021
0.25977591,-0.090782881
0.25605482,-0.14866811
0.22274229,-0.16228184
0.18995918,-0.11112231
0.1853009,-0.1484243
0.35534465,-0.13444218
0.22625107,-0.19395268
0.24443175,-0.23594715
0.4753888,-0.14890443
0.26395369,-0.1139667
0.23937085,-0.1147199
0.18677913,-0.042313639
0.28225103,-0.17772645
0.19947091,-0.15215507
0.15479313,-0.095815912
0.23173888,-0.14618847
0.29502881,-0.15991504
0.44395304,-0.16742779
0.17237683,-0.14860545
0.25628933,-0.10845294
0.18260415,-0.26564905
0.43362993,-0.18822795
0.36484146,-0.19001086
0.12343293,-0.16159908
0.24519582,-0.073431872
0.25487211,-0.17790385
0.21584354,-0.078315362
0.25722346,-0.12203489
0.51025456,-0.20067361
0.39714944,-0.13455959
0.22273868,-0.14981888
0.16777536,-0.15916371
0.25166619,-0.12062834
0.39850405,-0.17680432
0.44283959,-0.17333043
0.19451776,-0.052171052
0.13124034,0.025372885
0.14706135,-0.066297017
0.14876409,-0.040182363
0.29272729,-0.10075688
0.38200521,-0.13196072
0.22685306,-0.20211321
0.18823396,-0.1012289
0.44568893,-0.1698949
0.33772364,-0.19215344
0.42481682,-0.20548412
0.3811776,-0.093278512
0.4639385,-0.13453403
0.29934365,-0.14301433
0.56685507,-0.18516885
0.40922308,-0.22030988
0.39275762,-0.13649838
0.23392984,0.033670019
0.29796216,
,
0.39131793,-0.21976426
0.2223063,-0.024497695
0.31754634,-0.18804467
0.29018837,-0.16092196
0.33194476,-0.16902214
0.39304569,-0.22625144
0.48165351,-0.18821481
0.42249912,-0.13441198
0.38864586,-0.07805378
0.39368352,-0.097314388
0.18473269,-0.17544913
0.15651618,0.044545714
0.28880471,-0.091591865
0.22435586,-0.14898111
0.39040315,-0.13112754
0.21312569,-0.09150067
0.35137001,-0.16502784
0.35544783,-0.12546189
0.45084259,-0.20944752
0.40275466,-0.12707257
0.33539578,-0.13920632
,
0.3978202,-0.21389082
0.14635527,-0.11080677
0.33567742,-0.1078437
0.18498775,
0.37769696,-0.16402465
0.41900361,-0.15411626
0.35073307,-0.15094744
0.25574672,-0.1314618
0.38661721,-0.12259006
0.53171629,-0.12636551
0.28592142,-0.19695288
0.36621219,-0.18881997
0.33946109,-0.12268326
0.27926967,-0.058844544
0.28924459,-0.11975943
0.40469345,-0.16540137
0.3827711,-0.086215749
0.20459686,-0.013578233
0.38739842,-0.19007052
,
0.21289201,-0.20763464
0.28613195,-0.13395812
0.28603885,-0.10510198
0.31659865,-0.099983141
-0.00010806258,0.0069585382
0.3662847,-0.14213757
0.29177681,-0.28036317
0.3813979,-0.1699591
-0.062023178,0.060591798
0.47425997,-0.22564392
0.19227189,-0.14022428
0.056066126,0.030220196
0.28304848,-0.16495372
0.2358252,0.22936574
0.23356526,-0.15460119
0.18175887,-0.25963783
0.24767315,-0.15850137
0.040872626,-0.067094095
,
0.20941877,-0.15293777
0.36531633,-0.2137758
0.16316304,-0.15694065
0.15338597,-0.11919166
,
0.39980918,-0.28130645
0.15876767,-0.20157672
0.41248038,-0.14635804
0.096219711,0.097382568
0.46654436,-0.067272007
0.12585747,0.04357709
0.070066571,-0.19811782
,
,
0.38190427,1.4002759
0.40272349,1.3662235
0.39538452,1.3959895
0.46391279,0.5108673
0.42406332,1.391348
0.42379826,1.3423874
0.45066041,
0.36267334,1.362839
0.18717355,0.19416973
0.35174885,1.5612321
0.50980961,1.2938825
0.42175525,0.55004883
0.30071625,1.6145871
0.44101313,0.3612358
0.24315527,
0.43608376,1.2785403
0.31422529,
0.31193811,
0.36124948,0.22455114
0.46554738,1.2706162
0.39906558,0.33625391
0.24846987,0.3023082
0.27438125,
0.37342042,
0.38561752,1.6129878
0.36180714,
0.39752033,0.2376422
0.37004614,0.37852898
0.29365659,1.8353328
0.19957344,0.1997157
0.45270142,1.4302741
0.35144466,
0.35890868,
0.33766246,1.7600234
0.24582434,
0.15428704,1.6567103
0.27616283,0.10367476
0.49663591,1.3042492
0.30798343,0.30298525
0.22993907,
0.27432013,2.1636829
0.29932147,
0.12462518,2.1017611
0.15989223,1.6281258
0.25145811,
0.37219492,
0.46144611,0.18229134
0.26954085,0.15586637
0.26543236,
0.26491916,1.5637159
0.28244177,0.10903952
0.18930486,
0.21327405,1.9856234
0.34589085,
0.26402977,
,
0.24605194,0.50200331
0.29752013,0.31624928
0.26087934,1.4797437
0.22652623,1.4055277
0.34670597,
0.15655157,
0.24421373,
,
0.10654993,
0.20556554,
0.38124353,0.27691314
0.23966579,
0.089189537,0.48146117
0.37296686,
0.32131514,0.32058677
0.22119017,
0.42806193,
0.30209777,
0.062841527,
0.35107926,
0.18920155,1.7612169
0.13326517,
0.24250342,1.4021181
0.14113556,
0.40733433,0.068192169
0.18975721,
,
,
0.31387645,
0.17380333,
,
0.3842788,0.11315568
,
0.40478536,
0.10686033,
,
0.13919409,0.30887535
0.18361636,0.51980746
0.031917017,1.8237765
,
0.2144531,
,
0.1924959,0.62051815
,
,
,
-0.53807402,-0.064397126
-0.53540796,0.23858124
-0.58169883,-0.18240976
-0.39823738,-0.027265361
-0.62352878,0.22419472
-0.55924249,-0.15511137
-0.56355798,-0.083759509
-0.44668776,0.072670795
-0.38491923,0.16299939
-0.46799606,-0.014825956
-0.48316917,-0.12222081
-0.57923621,-0.16470125
-0.50819868,-0.36517924
-0.52027577,0.12704106
-0.22670017,0.13336498
-0.49221477,-0.042671137
-0.47741088,-0.10313649
-0.29834247,0.2539213
-0.64545,0.20040429
-0.39650205,-0.16836463
-0.49478567,0.015334474
-0.5823732,-0.56058961
-0.67978102,0.26871684
-0.66141081,0.24277103
-0.64919239,0.24713986
-0.35514536,0.15178566
-0.53025824,-0.19084972
-0.42109489,0.32405305
-0.50656819,-0.21104245
-0.5674963,-0.15511209
-0.47147271,0.11202123
-0.35366327,0.13502887
-0.28791285,0.12589942
-0.41122377,0.12727779
-0.54257768,0.19593167
-0.42641157,0.17322649
-0.17938921,0.14713071
-0.44429749,-0.062031817
-0.51330233,-0.11240499
-0.35944551,0.18304536
-0.67971349,0.21290599
-0.46430719,0.21968199
-0.42806819,0.16282596
-0.58792686,0.24735343
-0.53573704,0.042527813
-0.42451012,0.23344989
-0.58546442,0.22885026
-0.29223275,0.33719364
-0.59002155,0.21520098
-0.4401623,0.31342861
-0.60444266,-0.26144782
-0.282318,0.23469254
-0.52470767,-0.5366472
-0.5525741,-0.15028223
-0.36699748,0.14787334
-0.44427758,0.0067568463
-0.29668626,0.015795885
-0.62240267,-0.15482144
-0.14032444,0.13352637
-0.50668514,0.19805586
-0.4087058,0.39938897
-0.5384118,0.057259463
-0.56081563,0.14072949
-0.42116958,0.13574441
-0.56318837,0.17294648
-0.57384121,-0.060476352
-0.41822836,0.32009012
-0.60956007,-0.49894303
-0.62068456,0.28750244
-0.402439,0.33398539
-0.27654222,0.22054783
-0.62950379,0.22924578
-0.61563951,-0.481718
-0.28162807,0.054023858
-0.59532332,-0.1823864
-0.40425816,0.29754344
-0.36730978,0.11367422
,
-0.46354711,-0.34722596
-0.33587906,0.25113708
-0.40732533,0.24870141
-0.54277188,0.11888695
-0.44193265,0.094301507
-0.36770898,0.22860906
-0.54018521,0.12489276
-0.13649848,0.088841423
-0.32323185,0.23978968
-0.38892707,0.055851243
-0.40609193,0.32515517
-0.33489901,0.32183072
-0.4491131,0.19192672
-0.46563679,-0.078799583
-0.30270821,0.2777153
-0.33261725,0.19709049
-0.15326151,0.14180051
-0.37746024,0.059948571
-0.36717176,0.1669053
-0.345254,0.25621542
-0.37974,0.42880565
-0.32585555,0.33321601
-0.42737433,0.23168473
-0.43821627,0.3410348
-0.36030722,0.28713688
-0.19755085,0.35426152
-0.32059413,0.077850111
-0.36250004,0.26085097
-0.24198501,0.49073544
-0.16806349,0.014003783
-0.28646764,0.3861357
-0.34694836,0.31367907
-0.46009594,-0.15083022
-0.55568564,-0.28496531
-0.33589381,0.079229444
-0.29052535,0.42547712
-0.31181905,0.089666061
-0.33725291,0.29093403
-0.35842186,-0.22458214
-0.60316581,-0.25673482
-0.30084434,0.087019913
-0.37567455,0.1807076
-0.49452454,-0.13782677
-0.36559215,0.11718109
-0.40322721,
-0.52504069,0.0993452
-0.74740469,-0.42234349
-0.37360665,0.088012479
-0.31459758,0.15514845
-0.39990243,0.36459574
-0.32424551,0.24943729
-0.36161554,0.23961657
,
-0.35480475,0.13848986
-0.45628375,0.12937865
-0.41011736,0.17285086
,
-0.26682109,0.18770134
-0.18183276,0.021402624
-0.34402928,0.042782012
-0.21216261,0.37121072
-0.31947103,
-0.36176443,
-0.48875567,-0.2674585
-0.26578122,-0.086041369
-0.34859422,-0.047917165
-0.31314152,0.46221855
-0.22408248,
-0.48270172,-0.33877239
-0.53045195,0.15587778
-0.41921282,0.12827314
-0.27149931,0.13662156
-0.37219462,-0.1500251
-0.37319934,0.21004938
-0.24976122,0.27897418
-0.263971,0.34514928
-0.12327856,0.040579949
-0.20294033,0.31232458
,
-0.43923628,0.19470316
,
-0.21586499,0.33222058
,
-0.26382968,0.088074379
-0.26369807,0.052037332
-0.22023247,0.055668361
-0.15898873,-0.082145721
-0.16880691,0.04928508
-0.55537999,0.0040355432
,
-0.37677309,0.30933878
,
0.059976611,
,
-0.025509648,-0.51573956
,
-0.14373358,
-0.15744254,
,
,
-0.33102864,-0.1638024
,
-0.23857659,0.01370081
-0.14203748,0.12619026
,
-0.27795249,
,
,
-0.1244285,0.081544749
,
,
,
-0.040642317,0.29707667
-0.23881154,
,
,
,
,
,
-0.29498518,0.014673543
-0.17036135,0.35672241
-0.30398375,0.31320673
-0.032796245,0.32985517
-0.015953645,0.39619109
,
-0.091853127,0.24319302
,
,
-0.23756009,0.38284934
0.081237286,0.24649942
,
,
,
,
,
,
,
,
,
0.27184856,0.16181035
0.15815549,-0.013202464
0.21258499,-0.037998978
0.16505246,0.011398531
0.2068685,-0.050523475
0.31659079,0.075189017
0.28289965,0.014730649
0.20040947,-0.03798404
0.22109006,0.038821165
0.1471567,-0.0081933336
0.23889638,0.069586255
0.24765004,0.028112847
0.2082565,-0.037237655
0.20077384,-0.064790644
0.26930255,0.012864356
0.26857907,0.05685436
0.23331387,-0.017029699
0.26451275,0.057607539
0.22121927,-0.010313684
0.19826071,0.059808452
0.24386917,0.062612541
0.29766518,0.065787986
0.27544048,0.074389167
0.27624848,0.055612411
0.24907203,-0.03454433
0.28375259,0.0024736675
0.27749321,0.065232717
0.25795257,0.076067097
0.16875374,0.02113202
0.22640516,-0.05662287
0.23035055,-0.0003441711
0.21941717,0.0081355916
0.083323143,-0.13350208
0.15486337,0.0078684101
0.25687042,0.0022055351
0.3473019,0.10160996
0.16496728,-0.013808719
0.18912283,-0.019627932
0.19739346,-0.045645244
0.15186267,0.027787453
0.21365428,-0.013551634
0.1384559,-0.025835734
0.23820928,-0.095800743
0.22242934,0.034688238
0.1045864,-0.073407374
0.15896775,-0.032080505
0.22613095,-0.082320176
0.24589768,-0.046831835
0.24022281,0.0033541578
0.26497537,0.078323685
0.23400393,-0.02827798
0.22348695,-0.0053632553
0.18118203,-0.022419341
0.1766813,-0.12446343
0.1738416,-0.099618606
0.17854196,-0.039110679
0.1630353,-0.028472247
0.2082639,-0.0020396146
0.13832878,-0.11859081
0.19456567,0.042539287
0.19770584,0.049700987
0.23839867,0.0487625
0.17694303,-0.045754846
0.34214363,0.038892057
0.21727291,-0.054945141
0.21016128,0.005526565
0.3056649,0.098159142
0.17520621,-0.0047446527
0.24190214,0.041479286
0.20293768,-0.094923846
0.22774172,-0.055208813
0.12201586,-0.21143246
0.16318724,-0.076741345
0.14878538,-0.025635453
0.20685506,0.0031011978
0.24525549,0.045299966
0.22693217,0.010249172
0.25744012,0.096341394
0.10836317,-0.0014358689
0.24239406,-0.088649467
0.14679657,0.016109336
0.24490808,0.0049673975
0.19606537,0.046197049
0.15061489,-0.018526003
0.1968106,0.0085509624
0.22067349,-0.040293265
0.27542692,-0.060886826
0.23851867,-0.013025396
0.26314083,0.032449331
0.2662558,0.035668679
0.28022841,0.025810584
0.049223129,-0.049449082
0.22102855,-0.063642099
0.18074016,-0.047988262
0.26766783,0.02071988
0.19709231,0.035370827
0.16854763,-0.018332899
0.1298248,-0.22116953
0.18140434,-0.21944012
0.13897099,0.041341715
0.18544334,-0.021060737
0.24500991,-0.022576772
0.20933713,-0.076349057
0.22459425,-0.019182919
0.1892473,-0.016740231
0.26126599,0.057516851
0.14319973,-0.070383444
0.24473266,0.017851388
0.25967744,0.19257122
0.2935833,-0.070001759
0.27203685,0.03149008
0.27285329,0.20266776
0.20136899,0.037328057
0.24349073,0.01464616
0.23678409,
0.19212574,-0.078255437
0.1774597,0.12394606
0.19716254,-0.03675323
0.21943986,0.049813129
0.18706295,-0.062325075
0.19474615,-0.033478331
0.24882427,-0.029599562
0.20800294,0.036490064
0.22487272,-0.1491521
0.22744918,0.039253194
0.18103644,-0.081369877
0.21245563,-0.090708703
0.20468184,-0.036401823
0.11379965,-0.14902827
0.18283558,0.020381499
0.16083743,-0.034238353
0.19616699,-0.17587829
0.23550655,-0.021221383
0.31010446,0.10775132
0.2447522,0.01008678
0.32388952,0.031497903
0.2392922,0.064833701
0.088080838,-0.13266847
0.15729825,-0.21218014
0.14037745,
0.19894093,-0.17320186
0.31021667,0.015124073
0.17753664,-0.071109548
0.10952577,-0.050142735
0.17959768,-0.12002181
0.18588878,-0.10085988
0.18882525,-0.080671757
0.32401964,0.0044056107
0.23423748,-0.088030368
0.30992624,0.034459453
0.27199,0.03001957
,
0.13198657,-0.022093188
0.23051594,0.0057597682
0.21755487,-0.11284723
0.21571234,-0.0065993415
0.18441193,-0.10730117
0.30547795,
0.2116719,0.015837027
0.14723228,-0.067327507
0.36358526,-0.085511915
0.24113123,0.05399261
0.23273486,0.025022758
0.14449586,-0.01445926
0.28315032,0.052560028
0.17733859,-0.16392854
0.17931713,0.052282423
0.40872726,0.096275419
0.12784147,-0.036270179
0.35825288,0.051032577
0.26934463,0.06378001
0.10531338,-0.049589328
0.17453466,-0.10336421
0.18336016,-0.073167488
0.22784884,-0.096382007
0.20145437,-0.065994509
0.26078373,-0.014591971
0.21849822,-0.0050008479
0.055992614,-0.081646971
,
0.34640247,0.074182063
0.25353757,-0.00025042397
0.1861573,-0.35993338
0.18590648,-0.0384252
0.22874954,-0.031131459
0.30128247,0.071239673
0.17201807,-0.12332124
0.25174505,-0.086924195
0.21196677,-0.073294483
0.20612384,0.00089018536
0.26254281,0.03776776
0.30197895,-0.07375259
,
0.25346962,-0.047193702
,
0.14358264,-0.051658645
0.22516449,0.11250428
0.13623454,0.056634344
0.18428181,-0.15464512
0.22915225,0.0940644
0.43361905,0.0060322657
,
0.31050596,-0.010739826
0.17944486,-0.11384498
0.26148289,0.025413873
0.25648665,-0.12430836
0.26149923,-0.073782995
0.29136029,-0.013693509
0.13838007,0.013722262
0.19466932,-0.11910673
0.29217169,0.15498136
0.21189468,-0.045499407
,
0.1033264,-0.10411067
0.52948809,0.060571156
0.091059633,-0.071240716
0.16260383,0.034440316
0.40024173,0.090989217
0.28507242,0.055465203
0.54874349,0.041924417
0.38283652,0.10238238
0.30363283,0.00039348987
0.390219,0.092951924
0.4239786,0.033765487
0.4145951,0.072067171
0.50273019,0.086776212
0.13943239,0.079035252
0.37494853,0.075663544
0.55743217,0.034228846
0.25446111,0.14719038
0.45497274,0.16391799
0.39178413,0.082747154
0.32146567,0.040516276
0.3556262,0.14247686
0.40221995,0.12988295
0.29476187,0.052353274
0.36411074,0.14585866
0.24822462,0.018011864
0.17624941,0.14385226
0.31601733,0.16094905
0.20786025,0.036496971
0.29812169,0.029007131
0.47930095,0.097476572
0.26291865,0.14304939
0.14335489,0.0082954206
0.37361872,0.055140551
0.35080478,0.055616722
0.27822775,0.020089481
0.37179986,0.10265076
0.2723684,0.039578743
0.13042885,0.090021156
0.42602512,0.1090695
0.41021311,0.15982743
0.18715046,0.098979212
0.45987746,0.046794578
0.38853592,0.042627215
0.29327625,0.068421356
0.34630349,0.050312232
0.41935632,0.04579604
,
0.52779329,0.086287796
0.27304229,0.14378755
0.18888503,0.066383108
,
0.40487215,0.16398293
0.35344231,0.11789326
0.088057302,0.0029532243
0.24326321,0.04003777
0.24971299,0.11162926
0.24595477,0.079674363
0.32750866,0.1142095
0.032471087,-0.11470181
0.18776375,0.065406166
,
,
0.086232498,-0.056381062
0.2339678,0.088767372
,
0.21197844,0.075772025
0.11389489,0.11043915
0.29722208,0.008037352
0.41771367,0.038473066
0.08357618,0.088547237
0.30864519,0.11030883
0.18420897,-0.014907257
0.33802989,0.032365769
,
,
0.36466458,0.06141578
0.26276487,-0.028217642
0.272589,0.035248581
0.23716967,0.047357902
,
0.39468428,0.077641286
0.21989766,0.10480185
0.20854987,0.063305393
0.052037753,-0.033270206
0.15874219,0.069088779
0.20647909,0.046168678
,
0.18374118,0.048576042
-0.042971786,-0.00018189508
0.17311668,0.0058388794
0.31374422,0.028069442
0.38350397,0.038398776
,
0.12399308,-0.077972829
0.13801607,0.037927199
,
,
,
,
,
0.014459632,-0.030461997
0.34682092,0.083015837
,
0.14756443,-0.012330323
0.026331194,-0.20990191
0.39130855,0.061424937
,
0.47941291,0.039202791
,
0.13500665,-0.10478646
0.3529267,-0.047329288
0.20017572,-0.077149056
,
0.49320358,0.061624866
,
0.055555586,-0.032622255
0.34136978,0.03640667
,
,
0.27429277,0.031323481
0.35133806,-0.03726761
-0.032871626,-0.0018690734
,
0.21331573,-0.017474744
0.026213532,-0.1900212
0.4612551,-0.057363749
,
,
0.18884076,0.015895529
0.19526796,0.10061184
,
0.44493732,-0.042503461
0.1013269,0.0049187033
-0.0041202311,-0.10953347
,
,
,
,
,
,
,
0.206609,-0.067573376
0.073039323,0.094584413
,
,
-0.39111048,0.36891165
-0.43229735,0.38892171
-0.46789494,0.35617912
-0.42194805,0.44335404
-0.4818801,0.54273736
-0.49563015,0.38387513
-0.4502759,0.1428552
-0.45851091,0.34388649
-0.29509926,0.3243646
-0.41866753,0.32248077
-0.42326537,0.29849938
-0.41782546,0.36288235
-0.37287152,0.47851381
-0.40903261,0.47726825
-0.34328622,0.54056096
-0.34441501,0.33881775
-0.42986283,0.16054298
-0.48581338,0.30590492
-0.44122708,1.4545149
-0.45784172,0.33198613
-0.49670681,0.32525206
-0.43925062,0.62408966
-0.48124298,1.4073949
-0.40884992,0.15980509
-0.26341265,0.43039769
-0.60741085,0.3724446
-0.45114318,0.60054684
-0.41002253,0.29358992
-0.64282668,0.37920558
-0.60282421,0.52081424
-0.64009601,0.42230353
-0.40487376,0.18174738
-0.38396388,1.4978808
-0.33460537,0.39088377
-0.42630115,0.54243261
-0.46251616,0.20433377
-0.48399961,0.34416667
-0.23815741,0.41053236
-0.49024338,0.28689873
-0.33734044,0.50756568
-0.35483873,0.33078977
-0.34953845,0.52275598
-0.4997578,0.30976635
-0.096570283,0.099540398
-0.51668066,0.36074147
-0.42880601,0.2704449
-0.4652577,0.60662937
-0.11579041,0.32413289
-0.60263062,0.44752726
-0.16289257,0.37352753
-0.25439352,0.40981293
-0.51435506,0.51503587
-0.41409096,0.27331907
-0.72021067,0.41573468
-0.54297036,0.56241673
-0.5098834,0.26906991
,
-0.3970201,0.27959955
-0.53982216,0.25452879
-0.58181518,0.29130962
-0.52737182,0.15637729
-0.2328282,-0.1332534
-0.33779001,0.34473637
-0.55623388,0.30067623
-0.36112872,0.54371655
-0.18607152,0.43020096
-0.4447647,0.32712418
-0.64005506,0.31306946
-0.4943482,0.3789362
-0.27687374,1.3994088
-0.21959263,0.27595621
-0.55392104,0.53979754
-0.31696916,0.32793754
-0.44127747,0.37464961
-0.52643549,0.4655242
-0.30359587,0.55177981
-0.40179756,0.39303023
-0.41040137,0.40874505
-0.65813267,0.28128827
-0.46824127,0.40510002
-0.47604898,0.24336281
-0.46148229,0.27847609
-0.54129004,0.30860293
-0.5754813,0.20168638
-0.4041006,0.25054243
-0.64241987,0.25331965
,
-0.18341906,0.34464011
-0.73730081,0.15747657
-0.49132881,0.1212749
-0.36753958,1.5023453
-0.19275193,0.25451741
-0.59472489,0.21286772
-0.62753987,0.29905587
-0.65373927,0.30835631
-0.34231707,0.43556181
-0.51780343,0.29934102
-0.45194769,0.44879323
-0.44199193,0.24361116
-0.48918062,0.51862907
-0.34205917,0.083683193
-0.51377398,0.39934027
-0.64338231,0.015765149
-0.37050769,0.19237866
-0.57187128,0.24083625
-0.49831113,0.40156662
-0.38360143,0.32456353
,
-0.43298939,0.4775764
-0.47233498,0.19771363
-0.49404258,0.20612012
-0.56941611,0.27382839
-0.36903548,0.014733765
,
-0.67581171,0.24754821
-0.48463836,0.40415749
,
,
-0.27191901,0.31311786
,
-0.40631789,0.38664335
-0.67244238,0.18385033
-0.42302415,0.19521444
-0.60311306,0.3112677
-0.39658549,0.28922075
,
-0.5308156,0.23592919
-0.52359784,0.22202526
-0.55297291,
-0.41670617,0.41321161
,
-0.56716192,0.14678586
-0.43540418,0.32600349
-0.24296537,-0.2087491
-0.33184591,0.1605757
-0.55375421,0.39953837
,
-0.35301614,
-0.43418321,
-0.27011698,
-0.48477665,-0.072696596
-0.42891598,0.45040938
-0.34469727,0.16735795
-0.29768649,0.079642929
-0.53033847,0.15257843
,
-0.33260545,
-0.31113476,0.3845343
,
-0.44448933,0.28023016
-0.083668567,0.39729515
-0.32083851,1.4988828
-0.46598491,0.3230207
-0.26897669,1.4424572
-0.220054,1.3124646
-0.36710608,0.56654865
-0.40596515,0.38160595
-0.33387265,0.26294857
-0.23991837,1.4277872
-0.25439131,1.3378589
-0.22304693,1.568193
-0.28523237,1.5486662
-0.2484978,1.301049
-0.51590258,0.13743822
-0.45856261,0.44488388
-0.47072381,0.17212804
-0.46033639,0.29790482
-0.61838847,0.41962171
-0.34454453,0.42756382
-0.35582235,1.5338078
-0.28744468,0.52728158
-0.45083094,0.27561492
-0.44842675,0.44167578
-0.54599088,0.60241401
-0.5395487,0.47181481
-0.375806,0.42090636
-0.55583221,0.47002214
-0.18767384,1.4961591
-0.23007423,1.3563589
-0.32269415,0.28518528
-0.36300257,0.63997597
-0.50199449,0.33733934
-0.2562041,0.45994604
-0.29868659,1.5450975
-0.29642802,0.53721887
-0.44542277,0.43714276
-0.48061135,0.37129164
-0.17987972,1.3591874
-0.23700771,1.4439214
-0.48246539,0.38056007
-0.18875106,0.59582949
-0.51799375,1.4873375
-0.18038838,0.55952781
-0.51324469,0.55290329
-0.30483568,0.4843713
-0.22085471,1.2791433
-0.23136631,0.51259291
-0.4801183,0.40989819
-0.49662045,0.21180677
-0.35469982,0.39682135
-0.45703748,0.25270978
-0.22625248,0.4829874
-0.34519207,0.19071171
-0.24068598,0.40925667
-0.47604859,0.38757285
-0.19102952,1.4686294
-0.44859341,0.4265067
-0.42366278,0.47184095
-0.42957756,0.33803248
-0.54935181,0.40775311
-0.54261327,0.47522673
-0.41159406,0.5130502
-0.34216431,0.50817287
-0.39707085,0.3472271
-0.46985999,0.31873852
-0.42099109,0.39993921
-0.51201016,0.51077169
-0.35382205,0.41161636
-0.26729351,1.3336195
-0.25572339,0.16124396
-0.57144296,0.55928934
-0.39130041,0.46240726
-0.33379161,0.48073918
-0.36163732,0.55620897
-0.21457414,1.4317131
-0.27872288,0.24946667
-0.13676211,1.3232536
-0.50346226,0.38601777
-0.30059859,1.507421
-0.39482489,0.43462905
-0.22131327,1.24998
-0.44978172,0.31350616
-0.10913847,1.425826
-0.45506868,0.22535363
-0.41466659,0.48080382
-0.38639644,0.39199001
-0.45553651,0.31899017
-0.25428298,1.3328886
-0.51273674,0.4265447
-0.34390426,0.3565219
-0.22505544,0.28439465
-0.59982812,0.25933594
-0.41744757,0.46463296
-0.20137614,1.4351686
-0.39996609,0.49045753
-0.21917818,0.49216786
-0.30767667,0.36546478
-0.5327329,0.47350207
-0.45487648,0.2779797
-0.52274448,0.27533141
-0.23770481,0.2928023
-0.35379341,1.4445889
-0.2955004,0.54303747
-0.12729849,1.4331752
-0.21318994,1.4956546
-0.39559621,0.50002605
-0.56406242,0.16416019
-0.58711553,0.090555817
-0.36940673,0.27056161
-0.054120969,1.4449337
-0.42105544,0.31152183
-0.44721845,0.53408635
-0.30696717,0.47786805
-0.33772114,0.45631558
-0.47053948,0.43172812
-0.48050582,0.40896592
-0.28268847,0.47179145
-0.48741791,0.40056992
-0.37795031,0.56121385
-0.37157428,0.29316363
-0.15210922,1.3351823
-0.58126438,0.21863447
-0.15688011,1.2439007
-0.52215487,0.43516272
-0.15455349,0.48220494
-0.29817468,0.38500732
-0.27914327,0.71192479
-0.24413799,0.3040705
-0.54852462,-0.048859574
-0.49508259,0.29170173
-0.33567959,0.43746656
-0.32516506,0.52777171
-0.19735388,0.17256901
-0.24398519,
-0.35546771,0.28621629
-0.16763201,0.6119377
-0.48845038,0.54560173
-0.1481688,1.4061416
-0.47723848,0.28971049
-0.33868155,0.42571202
-0.2504743,0.6022321
-0.46789473,0.26984179
-0.32116622,
-0.40674379,0.32691106
-0.438768,0.29122534
,
-0.16566668,0.41759422
-0.21323571,0.48807648
-0.38334486,0.2266558
-0.42571917,0.16966268
0.12955196,1.4759152
-0.446374,0.52111757
-0.58494288,
-0.53945404,0.16480027
-0.27599338,0.62645048
-0.46266001,0.40521121
-0.057430223,
-0.58081216,
0.0094461925,0.43620363
-0.36257902,0.26924357
-0.17833579,0.33500469
-0.55745029,
-0.40991908,0.26768446
-0.33181402,0.10178614
-0.39803097,0.302322
-0.11271653,0.54382873
-0.41105342,0.44489622
,
-0.43137145,
,
-0.36403844,0.38620716
-0.25156054,0.33812988
-0.54224235,0.35881174
-0.37551582,0.42633596
-0.45242164,0.20363924
,
-0.010298938,0.62691116
,
,
-0.50389445,0.30891275
-0.41068614,0.35630104
-0.25819799,0.38569796
-0.39606979,0.27105322
-0.30382183,0.60145015
-0.41198474,
-0.40705487,0.18218179
,
,
,
-0.093776166,0.46650976
-0.38870159,0.42904657
,
-0.44714206,0.26867619
-0.1736725,0.60140157
-0.58770841,0.44227773
-0.0046404442,0.40836185
0.024027938,0.38894781
,
-0.12769094,
-0.35932958,
-0.3704457,0.48155963
-0.20621502,0.47035155
,
-0.30035871,0.1868965
-0.37557411,
-0.26604965,0.45299464
,
,
-0.30915096,0.31094563
,
,
-0.35779616,0.51851904
,
-0.17863432,
-0.3305116,0.48753458
0.043996215,
-0.18163569,
,
,
-0.34750423,0.4335219
,
-0.2072653,
,
-0.031716242,0.41872036
,
,
,
,
,
-0.69487357,-0.18403105
-0.73998523,-0.21823718
-0.61872488,-0.056050412
-0.56975788,0.092393197
-0.41012424,0.18892501
-0.69285154,-0.21713512
-0.65573484,0.015532946
-0.58585531,0.1165362
-0.480845,-0.11901645
-0.71867085,-0.31291729
-0.69429928,-0.31748968
-0.54022712,1.350508
-0.50745994,-0.14051695
-0.67009866,-0.096497305
-0.64479584,-0.154293
-0.35206893,0.20147528
-0.6176852,-0.16247255
-0.6013748,-0.11220789
-0.56944269,1.3697959
-0.62069792,1.3441092
-0.62512225,-0.19668785
-0.68847895,-0.31992599
-0.57264805,1.3782631
-0.73833013,-0.35650152
-0.66333956,1.5229224
-0.35636815,1.2454555
-0.63851488,-0.18857685
-0.7284801,-0.18111628
-0.67446792,1.4086448
-0.4725447,1.2935996
-0.19661111,1.5053653
-0.51249886,
-0.65396833,-0.057845626
-0.64189601,-0.030820578
-0.52036667,1.3364811
-0.46635967,1.3949087
-0.42993188,1.3940946
-0.52364099,1.3147075
-0.57008004,-0.15629724
-0.55700612,1.6240133
-0.50505638,-0.080883592
-0.51404923,1.2489275
-0.62222093,2.0071149
-0.72750872,2.1399677
-0.53403264,-0.33162203
-0.56497693,0.080247656
-0.5454132,1.2959868
-0.34021655,1.2916629
-0.66417205,1.4607127
-0.60084152,
-0.63236386,-0.1242754
-0.55351955,1.25674
-0.59707683,1.5845361
-0.51647401,
-0.34224138,1.3699843
-0.71127868,2.8637893
,
-0.66087705,-0.18885262
-0.43477347,1.2966236
-0.67468727,1.4159532
-0.4002741,1.3157678
-0.49556959,1.4269615
-0.50874168,
-0.5752964,1.3340497
-0.24757528,0.18318804
-0.52601629,1.2879968
-0.21900272,
-0.60130465,-0.12918037
-0.44893268,1.2177869
-0.48123196,
-0.18254578,1.5731419
-0.53664833,-0.078767352
-0.22422932,1.3991317
-0.55722916,1.5918251
-0.50861585,1.4488308
-0.40235427,1.2691766
-0.48205712,1.3141755
-0.24363518,1.8413209
-0.41459939,0.51780677
,
,
-0.14536145,1.3773252
-0.45291024,1.4245956
-0.52102304,1.3138648
-0.38723427,1.2699653
-0.31255057,1.3981409
-0.16531026,
-0.59678131,1.2677149
-0.52803683,
-0.2672832,1.727963
-0.060966574,0.13486676
-0.68217385,2.8350663
-0.58695102,1.4028598
-0.45195192,1.6207693
-0.41697708,
-0.18136677,1.1648245
-0.48077071,1.4710063
-0.20910938,1.3794698
-0.48914889,1.3871673
-0.26037526,
-0.3148995,1.9233689
-0.45188895,1.193293
-0.64320534,1.4557931
-0.21389785,1.1591183
-0.48583516,-0.0044029462
0.023608668,1.4174346
0.034458358,1.3412454
,
-0.44889864,1.6428835
-0.52368975,1.5645977
-0.42984813,1.4912897
-0.42176214,1.6513548
-0.49680445,1.2760124
,
-0.5358091,1.3422178
-0.019760724,1.3062109
-0.28554565,1.5112951
0.10988521,1.3091341
-0.24874184,1.5127999
-0.26668584,1.2058058
0.0051791491,1.4981484
,
-0.50397211,0.52743769
0.062508628,1.2754244
-0.39529815,1.6535028
0.0015071108,0.50728232
,
,
0.11205802,1.2199475
-0.35716724,
0.59594828,0.058140401
0.56146467,0.00036454256
0.57325631,0.045978617
0.6529358,0.13694434
0.53602147,-0.0045527667
0.48426008,-0.03250283
0.3908937,-0.0261894
0.60807252,0.13889067
0.59704924,0.090677716
0.33745238,0.016993953
0.39062655,-0.015660712
0.54916263,0.0012486166
0.59008133,0.066672944
0.66492707,0.036519982
0.47975335,0.020940745
0.46403545,0.021117378
0.46655011,0.059564356
0.32681236,-0.0096744038
0.4902316,0.1073929
0.28244397,0.01449922
0.27712122,-0.071295723
0.49524948,-0.05563879
0.31288156,-0.046991143
0.490569,0.064284302
0.47087023,0.052686911
0.24366592,-0.14045291
0.44241053,0.081967272
0.49599445,-0.0048188944
0.34203607,-0.021036668
0.52778268,0.047069874
0.43266499,0.11362676
0.39240211,0.025026856
0.55168414,0.046743173
0.45241249,0.11837856
0.29946479,0.03967322
0.51148993,0.063499913
0.3404229,0.021297928
0.34209442,0.015372748
0.52811825,0.054447498
0.34498894,0.1214994
0.37109154,0.026786724
0.56555802,0.07841903
0.25562251,0.033450387
0.43610409,0.0023415547
0.34605786,0.019950962
0.4538171,0.12920287
0.53831714,-0.0072744018
,
0.22486699,0.054958325
0.35711804,0.078477643
0.37771693,0.066421971
0.43448156,0.051841315
0.39587605,-0.039697889
0.29153401,0.15647197
0.23428275,0.088115647
0.28974223,-0.077168681
0.21589196,0.09895853
0.63179648,0.15703315
0.36277193,0.00050319894
0.40042606,0.16876835
0.55289441,-0.051478434
0.30963141,0.10569707
0.48742715,-0.012063096
0.36074233,0.044304237
0.28294742,-0.089642622
,
0.45770231,0.11475735
0.5487743,0.18253632
0.37735268,0.12711713
0.42102197,0.014991587
0.40259197,-0.054273155
0.38154542,0.0025941816
0.21307151,0.03956598
0.37202036,-0.0047185244
0.58102763,0.055834513
0.52954388,0.16207744
0.35325488,0.053973962
0.46037713,0.12689757
0.64402229,0.079132706
0.5713287,0.12476031
0.22906892,0.032488573
0.36817989,0.032856237
0.29809561,0.011183674
0.54364359,-0.01576948
0.26570725,-0.095263682
0.32157779,-0.0080200052
0.23303999,-0.10202228
0.45353213,0.090185888
0.27584329,-0.036324676
0.35563946,0.043888539
0.53936005,0.12070103
0.48793551,0.12664753
0.40345585,-0.018400909
0.43717405,0.051557269
0.31269819,-0.012426661
0.29641128,-0.059985667
0.54870212,0.025876576
0.53589386,0.034327559
0.55735689,0.096435547
0.6331262,0.081791312
0.20599794,-0.029038996
0.3002907,0.11319847
0.37949628,0.064509556
0.57523274,0.079853058
0.30580258,-0.092048526
0.68044561,0.12613948
,
0.31679231,-0.15646878
,
0.27544093,-0.033479467
0.48762742,0.18914928
0.58424735,0.1098974
0.45542783,0.10637537
,
0.61261165,0.17032737
0.64590448,0.15903649
0.51178747,0.012278492
,
0.44777045,-0.00070219609
0.53949457,-0.013116561
,
,
0.52341515,0.028255492
0.43679404,0.063321397
0.59424347,0.03937757
0.10735025,0.013369366
0.67261803,0.16502933
0.41573578,0.041068394
0.50056285,0.098450318
0.32416415,0.031623617
,
0.63426489,0.13320838
,
0.51893514,-0.00046922677
0.31327504,0.001536752
0.56690377,0.25877169
0.42199755,0.027204623
-0.0024127357,-0.10681302
0.64542317,0.14180405
0.30224714,-0.027975645
0.52725887,0.15604651
0.56470048,0.041632511
0.27742714,0.075745486
0.28645959,0.089972921
0.52437931,0.045640133
0.53704959,0.058822822
0.35284197,-0.023358749
,
0.42686787,-0.074613422
0.54436624,0.063294515
0.42565459,
0.49897549,0.070180915
0.47254801,0.14231746
0.1726688,-0.044750385
,
0.52774239,-0.032900985
0.25107327,-0.052631754
0.17349924,-0.13551429
,
,
0.5653013,0.13611618
0.35531795,0.11806494
0.47396132,-0.029190494
0.31316862,0.10040531
0.33216825,-0.031679146
,
0.54229575,0.29876369
0.36166909,0.03936838
0.58414257,-0.029674411
,
0.49615973,0.15068051
,
0.59817237,0.16108847
0.29211801,0.051294792
0.40347692,0.056059219
0.50275344,0.064695649
0.46359745,-0.064616024
0.6526711,0.44369197
0.40731859,-0.026111597
,
0.3647455,0.048761029
0.3308208,-0.22133756
0.28645968,-0.012629377
0.27498305,0.019214265
0.49311396,0.18237473
0.50689632,-0.039690275
,
0.2523531,0.055566564
,
,
0.37544519,-0.1695198
0.55823058,0.32327962
0.42030755,0.1143384
0.25477257,-0.009374666
0.41758531,-0.0058878036
0.14800178,-0.062544703
0.50296974,0.23093884
0.54414088,0.22644772
0.59641796,0.20564762
0.50713193,0.059147421
0.45399013,0.071148746
,
0.52394176,0.035627864
,
,
0.27218464,0.045782141
,
,
,
0.2241317,0.047388498
,
0.35955462,-0.08066538
,
0.3480584,0.069284514
0.4390581,0.046187971
,
0.3456865,-0.025753155
0.44570172,-0.0064971582
,
0.42474174,-0.074781075
,
0.20179257,0.022555936
0.23824897,-0.13200191
,
,
0.4353883,-0.047303475
0.31748188,
0.35287938,-0.12506273
0.55698365,0.074469827
0.46365416,-0.032400768
0.20445228,-0.0080994647
0.6105938,0.033392735
0.45606256,-0.05568181
0.54587471,-0.0024701606
,
,
,
0.52382034,0.16436568
,
,
,
,
,
,
,
0.71084082,0.187957
0.38355058,-0.05166886
,
0.56724203,0.12035679
,
0.36666891,0.078372039
,
,
,
,
,
0.59594828,0.058140401
0.56146467,0.00036454256
0.57325631,0.045978617
0.6529358,0.13694434
0.53602147,-0.0045527667
0.48426008,-0.03250283
0.3908937,-0.0261894
0.60807252,0.13889067
0.59704924,0.090677716
0.33745238,0.016993953
0.39062655,-0.015660712
0.54916263,0.0012486166
0.59008133,0.066672944
0.66492707,0.036519982
0.47975335,0.020940745
0.46403545,0.021117378
0.46655011,0.059564356
0.32681236,-0.0096744038
0.4902316,0.1073929
0.28244397,0.01449922
0.27712122,-0.071295723
0.49524948,-0.05563879
0.31288156,-0.046991143
0.490569,0.064284302
0.47087023,0.052686911
0.24366592,-0.14045291
0.44241053,0.081967272
0.49599445,-0.0048188944
0.34203607,-0.021036668
0.52778268,0.047069874
0.43266499,0.11362676
0.39240211,0.025026856
0.55168414,0.046743173
0.45241249,0.11837856
0.29946479,0.03967322
0.51148993,0.063499913
0.3404229,0.021297928
0.34209442,0.015372748
0.52811825,0.054447498
0.34498894,0.1214994
0.37109154,0.026786724
0.56555802,0.07841903
0.25562251,0.033450387
0.43610409,0.0023415547
-0.22257179,0.10257162
-0.61537266,-0.29835701
-0.24599959,0.13284986
-0.46849099,0.18425383
-0.23873876,0.41800058
-0.23220143,0.12997994
-0.26796818,0.37249184
-0.19635381,0.50487989
-0.26295176,0.67566645
-0.36441717,0.28925562
-0.27790713,0.12889244
-0.44741225,-0.080041312
-0.28486001,0.35249692
-0.21216741,0.38155091
-0.20422727,1.4055985
-0.18863437,0.60423881
-0.16372658,-0.0029353283
-0.22102083,1.4946362
-0.2958132,0.31546429
-0.21663958,0.16542453
-0.31202379,0.35241476
-0.26223639,0.36899912
-0.61855817,-0.12006136
-0.12055787,0.44742891
-0.41544163,0.22488132
-0.26328799,0.64701033
-0.26321232,0.12637012
-0.17520955,0.46973586
-0.18564568,0.35304517
-0.32294968,-0.06108471
-0.26640674,-0.08282242
-0.092588663,1.5470213
-0.20813526,0.16750985
-0.30309585,0.062797993
-0.2697269,0.1595034
-0.48187974,-0.20691171
-0.15672068,-0.075307906
-0.30350688,0.14271466
-0.20730336,0.35588831
-0.28036559,0.11896659
-0.46140265,-0.047697347
-0.14019768,0.55413198
-0.17507346,-0.071823008
-0.37652856,-0.028093876
-0.15358014,0.12519076
-0.094771512,1.5451943
-0.31866819,0.2577523
-0.1420415,-0.14335653
-0.092479452,1.4245387
-0.31969753,-0.096788995
-0.36845157,0.33608684
-0.12217799,-0.0092059253
-0.1702555,0.3986862
-0.38204145,0.046918578
-0.19482873,-0.11004442
-0.11749601,0.37001359
-0.25859118,0.45957491
-0.083220795,0.11249424
-0.39764002,0.037774794
-0.33136722,0.16389264
-0.41562095,-0.017396152
-0.043748703,0.10567271
-0.1835479,0.42494795
-0.46601093,0.20684542
-0.28528419,0.17680711
-0.027810881,0.16656362
-0.36212692,0.30184641
-0.40516824,0.16897719
-0.15636005,0.44844243
-0.38246796,0.069679156
0.0008719347,0.05346131
-0.22437066,-0.059246197
-0.29952124,0.27282116
-0.16744898,0.64324939
-0.21129574,-0.07239911
-0.30843547,-0.14693442
-0.13056773,0.21491998
-0.075967617,0.086448841
-0.10346758,1.4178123
-0.3354291,0.12658021
-0.078831896,0.25449589
-0.3147513,0.14272782
-0.30213341,0.16568828
-0.40412632,0.088284552
-0.40619221,0.3311561
0.26128551,1.4691445
-0.08754617,0.11483258
,
,
,
-0.10186883,0.2945323
-0.33542112,0.094584137
-0.2115366,0.48271856
-0.22159339,0.32022667
-0.41377762,0.056825113
-0.45526791,0.066557854
,
-0.38203871,0.074240156
,
-0.25837749,0.24189742
-0.28431091,-0.032090269
-0.10878716,-0.014804278
,
-0.020347936,
-0.10973578,0.18458082
-0.13807972,0.52225155
,
-0.028489625,-0.23427939
0.11432929,
-0.46641639,-0.048873551
,
,
-0.16600841,0.11630835
-0.15936436,1.5092275
-0.36225075,0.24183801
-0.37824175,0.088354461
-0.23293763,0.20848626
,
-0.16306673,0.37961856
,
-0.46592152,-0.1226956
-0.024930527,0.10185263
-0.4795565,0.052552152
0.012051496,0.034122545
-0.29319012,-0.043888602
,
,
,
0.0090990951,0.041724537
-0.2619819,0.33558127
-0.027012603,0.16937734
,
,
0.027118491,0.40291271
,
-0.255016,0.052703235
,
-0.17200026,0.22083594
,
,
,
-0.27148727,0.00033538701
,
,
,
-0.48120108,
-0.043980189,0.068712041
-0.40583086,0.28677967
-0.19656798,0.1501877
,
,
-0.068165831,0.02733892
,
,
-0.17654648,0.24123086
,
,
-0.29278034,0.16389656
,
,
-0.094860971,0.18725896
-0.37864047,-0.04368367
,
-0.31133801,0.34799373
0.018392155,
,
-0.1925559,0.2454783
0.042309109,
-0.10727285,0.078652009
0.13088946,
,
,
,
,
,
,
0.16431837,-0.03369071
0.17649484,-0.085627727
0.11144035,-0.10891365
0.16475919,-0.034115992
0.25211594,-0.12480163
0.26006079,-0.12195408
0.21861014,-0.063849598
0.25197417,-0.12719168
0.14532778,-0.085423425
0.20307471,-0.14201798
0.14409694,-0.055231877
0.12541366,-0.098218553
0.10705984,-0.083405368
0.2436114,-0.14040442
0.25463188,-0.093839377
0.20373748,-0.11789392
0.22766596,0.0026228963
0.19081929,-0.078067861
0.31373093,-0.070979297
0.23159786,-0.13104884
0.25560427,-0.032558922
0.25909421,-0.10429911
0.25681248,-0.14931671
0.13585939,-0.07645344
0.17035832,-0.017572725
0.29967889,-0.038540225
0.15507558,-0.11151938
0.31457871,-0.080782406
0.16135241,-0.12427014
0.18517442,-0.042137556
0.096362427,-0.091516942
0.21814837,-0.12809908
0.21321961,-0.030915733
0.21804585,-0.097892351
0.19735482,-0.074678846
0.3523711,-0.0276508
0.20986971,-0.047853302
0.30024391,-0.069904938
0.16247,-0.052846033
0.29431793,-0.045005724
0.20759268,-0.010070545
0.2440742,-0.061682563
0.21557686,-0.17958759
0.16416737,-0.1344953
0.20887028,-0.091206864
0.37040144,-0.036098104
0.26752186,-0.063468784
0.26337308,-0.10949485
0.30131534,0.062183917
0.21576551,0.0016367491
0.26989868,-0.032910246
0.26949552,-0.11403895
0.21544026,-0.080961794
0.24555828,-0.12810755
0.19446655,-0.078327805
0.25330108,0.039544687
0.26299319,
0.25883409,-0.047204822
0.3458707,-0.031503826
0.26606941,-0.098869726
0.16604702,
0.16502167,-0.061124589
0.12143572,
0.30522394,-0.097603276
0.17664005,-0.062796056
0.26395112,0.034392744
0.23648944,-0.11404948
0.14479028,-0.024004256
0.23246288,-0.06571576
0.26748663,-0.10752542
0.3814227,0.005128236
0.18041115,-0.040913813
0.11580476,0.021195265
-0.10226844,
0.36538792,-0.036656171
0.15921937,-0.0249839
0.31468388,-0.047000173
0.34822351,-0.011791566
0.43005341,-0.0026720837
0.15038756,-0.03584376
0.4405106,0.039455686
0.32677242,-0.063758031
0.29346836,-0.10716841
0.30960426,-0.11886432
0.32777748,-0.042873099
0.32092711,-0.094424389
0.04417406,-0.035727099
0.35542107,-0.05519006
0.28529319,-0.033319481
0.37187833,0.048733648
0.38387176,0.016809301
0.072790876,-0.047278829
0.35143539,0.0052184155
0.43759498,-0.17077821
0.23708771,-0.081334315
0.40833277,0.02750971
0.2648342,-0.020247106
0.34023416,-0.015604464
,
,
0.35724014,0.022930363
0.37767521,-0.060873467
0.33779266,0.040694021
0.24532996,-0.0010799729
0.41179886,0.026309794
0.44434831,-0.0068641533
0.41274863,0.016721964
0.41027555,-0.067290641
0.29563135,-0.15568288
0.40292305,-0.0061949147
0.35498899,-0.054360356
0.46139833,-0.044665437
,
0.40916216,0.022914439
0.2533865,0.05503644
0.38605773,-0.026467711
,
0.45200536,-0.032675553
0.46354577,0.086164117
0.23206194,-0.019475257
0.47701353,-0.023598464
,
0.45781142,-0.00027910128
,
0.46045792,-0.036390636
0.39618355,-0.088253193
0.36123154,-0.067699075
,
0.35484716,0.099168792
0.53857476,0.10735521
,
0.33013859,0.013856451
,
,
0.38546041,0.10683492
0.30721003,-0.0015817086
,
0.47278225,0.28386888
,
,
0.57067722,0.1485981
,
0.21541747,0.2217568
0.16749905,0.24590233
0.20735656,0.24742714
0.34786811,0.29415193
0.40002137,
,
0.097066775,0.082194857
0.06474039,0.15305078
0.10676653,0.1240691
0.28930375,0.3127813
0.23685944,0.28379598
0.15246177,0.27560189
0.048044637,0.10017972
0.32766765,
0.25088942,0.23397584
,
,
0.059690587,0.19287293
0.25062782,0.35080713
,
0.21151276,0.036317714
0.003453952,0.20775424
0.29230455,0.099137753
0.22598618,0.1813657
0.51705319,0.5124703
0.32474878,0.37316719
0.24636945,0.20991197
0.45004031,0.44963932
0.0443074,0.14666919
0.27608299,0.28358561
-0.018491626,0.054781064
0.10058408,0.16146141
,
0.3209095,0.19019404
0.47139406,
0.31708238,0.45321491
0.29739946,0.17451075
-0.03395202,0.067047417
0.49845362,0.46290353
0.33932841,0.33427826
-0.059026867,
0.00098619668,0.24070284
0.25257951,0.24277061
0.058667548,0.21714646
0.11162128,0.15057886
0.2638123,0.37430927
,
-0.047493339,0.083276376
,
0.061719369,0.12263078
,
0.37060949,0.4163959
0.35597172,0.41279921
0.041264206,0.30966106
0.54077166,0.41467267
0.39430079,0.41002187
0.33101016,0.42388827
,
0.016104363,0.17285565
0.3476643,0.28619698
0.069369771,0.39197195
-0.02042743,0.065082066
0.51755589,
0.20580916,0.26116696
0.25876635,0.28957033
-0.10703791,0.22820947
0.26136148,0.28318903
,
0.07782311,0.14989509
-0.01015738,-0.043641195
0.51131999,
0.32885224,
0.15090063,
-0.049109977,0.11538965
-0.11808198,0.13819258
,
0.014027727,0.094229087
0.39670974,
0.19480015,0.0198004
0.046199661,0.081424065
-0.056249034,0.20421924
0.10117395,0.079317346
0.14461544,0.07551486
,
0.026164131,0.05218751
,
0.22513425,0.026202274
-0.046828546,0.15151821
0.13764299,0.27156162
-0.022724822,0.15098646
,
0.0072061685,0.14621054
0.050787143,0.30619958
,
-0.070138626,-0.034294557
0.10056856,0.14234112
0.050947461,0.10078616
-0.45868647,-0.084372804
,
0.046655845,0.33114439
,
0.36828628,
,
-0.11936418,0.058957264
0.41799012,0.5447011
,
-0.0082483981,0.26539177
,
,
,
-0.1124849,
,
,
,
,
-0.22525978,
,
-0.45755038,0.39062208
-0.35602632,0.04058224
-0.36116132,0.1517576
-0.2827794,0.23575382
-0.37481576,0.10733889
-0.17621353,0.31931213
-0.23411764,0.12687701
-0.49391612,0.48428011
-0.31696233,0.19292159
-0.57536417,0.25382137
-0.5385977,0.28460768
-0.52021039,0.25394642
-0.13405511,0.16181578
-0.33011341,0.077060044
-0.25915813,0.21807034
-0.54716557,0.18539378
-0.16839205,0.12323628
-0.28223345,0.18884708
-0.035090856,0.16480407
-0.48678818,0.12603362
-0.16012381,0.1851856
-0.56965882,0.33295745
-0.56424254,0.16314305
-0.55220205,0.25416625
-0.51173383,0.15894248
-0.45919985,0.15090482
-0.56995833,0.084558114
-0.233438,0.10071532
-0.21120279,0.10872006
-0.47092965,0.52504802
-0.60661662,0.36163506
-0.5224067,0.35504389
-0.38994762,0.028001856
-0.50809354,0.20709278
-0.45858589,0.18230914
-0.20218383,0.14295416
-0.34176946,0.22921334
-0.50355124,0.070554376
0.074320637,0.14898318
-0.42480689,0.086792871
-0.21663603,0.046167873
-0.37236628,0.14132117
-0.33097452,0.18071154
-0.54303259,0.28133181
-0.3660475,0.0047346037
0.19306323,0.2862494
-0.30879107,0.20808303
-0.45798498,0.080965243
-0.31269297,0.072461821
-0.15755673,0.22553083
-0.35514686,0.095395654
-0.16522704,0.12945388
-0.57892364,0.45762318
-0.43816492,0.31737888
-0.44278306,0.097217157
-0.33124611,0.14417391
-0.55898041,0.46794453
-0.60362113,0.20186353
-0.36528483,0.18563901
-0.52731484,0.18890797
-0.57537872,0.2416748
-0.23466131,0.11212803
-0.36455494,0.084053852
0.11426206,0.26256445
-0.40733692,0.079881132
-0.43971035,0.15321808
-0.378057,0.15744525
-0.44840783,0.33927763
-0.56820601,0.13143268
-0.41602653,0.36131433
-0.34912103,0.21454395
-0.52353287,0.25213319
-0.47669113,0.11964568
-0.24861321,0.14091863
-0.53087854,0.14103819
-0.56588995,0.37392101
-0.4489724,0.098236635
-0.00011996584,0.17770468
-0.2946586,0.15723968
-0.49380943,0.15797001
-0.56836623,0.14973412
-0.51350439,0.094217785
-0.57507515,0.20156918
-0.31820902,0.052975722
-0.36513942,0.3111718
-0.29386854,0.26024237
-0.45627004,0.24715382
-0.54650092,0.18973547
-0.10696476,0.1766905
-0.50124985,0.21325886
-0.4753648,0.18082762
-0.43199515,0.10935829
-0.63782752,0.36510414
-0.56862879,0.25097474
-0.41350284,0.098672271
-0.2957699,0.14265557
,
-0.27907765,0.16004783
0.059949659,0.32886073
-0.070020169,0.014446108
-0.37446165,0.26206574
0.05723704,0.16573283
-0.22696155,0.10764541
-0.50003135,0.18382274
-0.17131034,0.095388398
-0.043118235,0.15347758
-0.016760256,
-0.34954301,0.3348009
-0.39964324,0.11563233
-0.35575792,0.042335127
-0.26338041,0.066676259
-0.26027948,0.17073245
-0.48984247,0.13464047
-0.56387651,0.097713605
-0.022373997,
-0.38247141,0.089447364
-0.16584823,0.17661116
-0.51103801,0.070351452
-0.20903447,-0.011614698
-0.47855571,0.12173165
-0.4777357,0.21843667
-0.11797804,0.099555254
-0.35330734,0.11356688
-0.46270466,0.15828365
-0.49738145,0.29077381
,
-0.53497291,0.128181
-0.1113221,0.19381009
,
-0.50897449,0.14457215
,
,
-0.46620426,0.1206386
,
-0.17814517,0.18681893
,
,
,
-0.29804221,
-0.058762893,0.13588431
-0.17339256,
-0.064870588,0.26608235
,
-0.21259819,0.13315496
-0.45109472,0.21255864
,
-0.61206704,0.08544492
,
,
-0.37395269,-0.022112465
,
-0.40627366,0.23076986
,
,
,
-0.12749521,0.363612
-0.058412269,0.41240153
-0.11173481,0.38373873
-0.18500292,-0.16705166
-0.14636467,0.33612025
-0.12197321,0.33264482
-0.045429472,-0.14854684
-0.10249756,0.34105682
-0.27080655,-0.3013663
-0.044874333,0.79889154
-0.1899837,-0.13539384
-0.14363942,-0.20027865
-0.21018565,-0.1068064
-0.15233187,0.50264329
-0.028624363,1.2639093
-0.32331821,-0.35620302
-0.028446015,1.1835724
-0.28458539,-0.13709608
0.03309907,0.41321617
-0.068887152,0.74897969
-0.0022002046,0.13825978
-0.082668461,0.71693248
-0.089406237,0.67264223
0.019891798,0.38818783
-0.085802563,0.31531593
-0.095225975,1.2608613
0.010962958,1.1167462
-0.085220307,0.71267074
-0.13680103,0.46630403
0.053350385,0.12705903
-0.083102301,1.2477901
0.0068994532,0.37883618
-0.024321528,0.63195926
-0.096957214,0.64952791
-0.17235924,0.047667246
-0.11252352,0.31092396
-0.042637348,0.33603516
-0.22225596,-0.15118328
-0.14987725,-0.084509037
-0.096424066,0.34112036
-0.095019042,1.1964197
-0.036967803,0.72820789
-0.17151013,1.686141
-0.10199641,0.62825412
-0.13612831,0.3385601
-0.094207339,0.48257163
-0.29847676,-0.36735591
-0.11199971,1.1427872
-0.27256441,0.019652754
-0.076886334,0.36706564
-0.22491439,-0.2841917
-0.21895644,1.6544275
-0.052040238,-0.13863565
0.027387574,0.36710006
-0.0095207384,1.1421746
-0.023339592,0.17931521
-0.018749509,0.72297078
-0.24366421,-0.21852182
-0.078595191,0.20459822
-0.15140763,1.5465637
-0.077951968,0.29873389
-0.070588343,0.015130347
-0.17653267,0.36939815
0.033122402,0.68794495
-0.139172,1.3319527
-0.18057184,0.38680601
-0.19901942,0.3646121
0.027907917,0.35780829
-0.022306472,0.1408655
-0.041576102,1.1962478
-0.060766868,0.10608523
-0.027872736,0.75402468
-0.11410495,-0.038986415
-0.032064505,0.37042454
-0.2028752,0.23983236
-0.12394435,-0.092720173
-0.33037814,-0.27901244
-0.021388471,1.1501698
-0.040328544,0.20102502
-0.092150293,0.45751411
-0.029756702,1.2440099
-0.15211605,0.10754792
-0.048707139,0.46199504
-0.09959574,0.36309803
-0.031085873,0.43879226
-0.2109673,0.3267408
-0.21805921,0.45851293
-0.11888026,0.48884585
-0.041588645,0.57695371
-0.18462333,0.32345918
-0.019984672,1.192559
-0.42670986,-0.17203376
0.012363278,0.46616915
-0.29561806,-0.041707419
0.068063147,1.6349847
-0.08137811,0.31500596
0.086066127,0.40538725
-0.015179677,0.40861294
-0.061822262,0.2467005
-0.082554743,1.1970675
-0.47115377,-0.48096299
-0.1032071,0.27075955
0.020978227,0.0060405731
-0.17414598,0.40718991
-0.12661727,1.3781081
0.043556243,0.28035581
-0.056019388,0.36373991
-0.11876893,0.59544873
0.017276095,0.40464282
0.0018351206,0.27139461
-0.2857708,0.28548697
0.015038277,0.19236006
0.00850493,0.33870709
-0.33036843,-0.079826862
-0.17392577,1.3020028
-0.043824699,0.57176697
-0.00074790756,0.33552176
-0.55413532,0.19592226
-0.2632511,-0.24090827
-0.28026694,0.26620764
-0.29062256,-0.19734426
-0.17193653,-0.055673849
-0.18177406,0.35530648
-0.2539188,0.12797797
-0.078182355,0.66253698
-0.246411,0.20296745
-0.028367935,0.66264379
-0.058473822,1.2077565
-0.092419192,1.4876909
-0.073872857,0.18403959
-0.43512809,-0.40669537
-0.13591844,0.61652356
0.044917494,
-0.089676142,1.3036355
-0.25021982,0.62083602
-0.089550465,0.24819399
-0.23345864,-0.22534059
-0.069805101,0.2827931
-0.40958062,-0.51455897
-0.042575348,0.06021788
,
0.14977649,0.45709935
0.20415592,0.15054494
-0.17731036,0.2770744
0.054953072,
0.061728511,0.41411343
0.04463442,0.11612182
0.062630422,0.093004644
-0.12629174,0.26489356
0.020309035,1.1636949
-0.29436228,0.21485017
-0.085464284,1.7398813
0.11949727,0.33624187
-0.049350206,0.66787988
0.021161908,1.9681008
-0.44825947,1.5954707
-0.12568313,0.52302343
0.063077092,0.096779443
-0.20033151,0.45046812
-0.081429206,0.63040167
0.0476522,0.31080672
0.00013080503,1.3138919
-0.16296773,1.4891104
-0.26484683,0.12309377
-0.083374754,-0.040453099
-0.24452245,1.4153107
0.045215528,0.24863844
-0.44153067,1.809184
-0.2464038,-0.23603547
-0.30753213,1.7209684
0.084684134,0.63716221
-0.20465052,0.32166734
-0.25309321,0.3428677
-0.46490833,-0.14088893
-0.49183229,-0.48507747
-0.2556034,0.44418913
-0.26791036,0.30441085
,
-0.0048132744,0.31938168
-0.25474909,1.6109858
-0.32460365,-0.49024472
-0.16185828,0.10388198
-0.38736898,0.17452095
,
-0.48491994,-0.045596547
-0.24479266,0.39221752
-0.0069195763,0.49734911
-0.04164939,0.68612105
-0.013941567,1.7197887
-0.11320034,0.33074135
-0.31609181,0.30061412
0.11486801,0.19027521
0.091447674,1.8160851
-0.32829735,-0.37422276
-0.019393116,0.38030031
-0.2049937,0.048528399
-0.31931973,0.46242866
-0.19205345,0.60617799
-0.55749053,
-0.052612603,
-0.44191033,-0.29481298
-0.27680361,0.31509703
-0.19959693,0.59074336
-0.16337664,0.13411711
-0.32616237,1.7122107
-0.034769226,0.54333419
-0.12263645,0.36561313
,
-0.10028378,0.47055912
-0.00059464731,0.314697
-0.5023337,-0.16198711
-0.015670799,0.34643933
-0.29640359,-0.31229296
-0.2299154,0.47919735
-0.61528105,-0.17503799
-0.23871057,0.57427806
-0.055095993,0.6632005
-0.024632938,0.62604445
0.12213143,0.38043422
-0.11863718,-0.49794281
-0.50053513,-0.20072563
,
,
-0.40420443,0.0051911115
-0.38465747,0.32861823
-0.24100694,0.2416199
,
-0.33959708,-0.32921055
,
-0.20335454,0.36225426
,
,
,
-0.41500565,-0.38084909
,
-0.2219658,-0.061183445
-0.32887954,-0.3877576
-0.44455451,-0.39630401
,
,
-0.11961004,
-0.025340818,
-0.52215904,
,
,
-0.32698265,
,
,
,
,
-0.043482725,0.12201628
-0.19814551,0.58305311
-0.22898412,0.54987818
-0.044658404,0.047379233
-0.042674176,0.46864355
0.051292531,0.11606558
-0.21439067,1.3747352
-0.14511794,0.55784422
-0.014388806,0.50029558
0.015096093,0.11793093
0.029951142,-0.13931453
-0.15803391,0.61047465
-0.025968401,0.0033482888
0.10731866,0.1117057
-0.037554506,0.47081509
-0.039890811,0.19794966
-0.1936316,1.3198143
-0.24011236,1.3517841
-0.13272727,0.57930112
0.06751845,0.078412145
-0.10573409,-0.13588065
-0.0037335595,0.047985543
-0.09076564,0.080290273
-0.28685316,0.44888538
-0.13645646,0.38636801
0.063871332,0.059742838
-0.14006455,0.084380783
-0.24748315,0.5034284
0.008600818,0.29372749
-0.17781752,0.62312061
-0.094673172,0.43670735
-0.11848303,0.19456472
-0.028934184,-0.1196957
-0.081886463,-0.027464736
-0.083485678,-0.09351927
-0.17606625,0.64526302
-0.024210604,-0.011309427
0.12891801,0.12756722
-0.041886762,0.10277728
-0.18503292,0.4625425
-0.051739313,0.1883679
-0.24501559,1.2944028
-0.15562245,0.54894751
-0.10547327,0.19438536
-0.093862794,-0.085693523
0.01238082,0.011493302
0.060247939,0.55141521
0.093495347,0.53201038
0.034746293,0.20380688
-0.021887098,0.2697373
-0.26220912,0.42257205
-0.13682429,0.64253086
-0.10546687,0.056013186
-0.23774503,0.53540927
-0.14336675,1.2479421
0.13078877,0.65893209
-0.031804565,0.34239221
-0.055216659,-0.024837416
0.047971636,0.41485965
0.071485296,0.017717246
0.11875068,0.019553477
-0.27342126,1.4218781
-0.12571321,0.45629114
0.10062966,0.1025963
-0.020066805,0.29141107
-0.15284143,0.038395129
-0.12159141,0.10532398
-0.11572802,-0.0035904101
-0.0011118619,0.1762967
-0.30838025,0.63194275
0.058365334,0.55545044
0.13038506,0.60332435
0.018240513,1.8050623
0.15314943,0.068517916
-0.14610086,0.71505123
0.073412873,0.58602649
0.10562373,0.65008599
-0.01500445,-0.04770473
0.11258383,0.55011803
-0.010560067,0.27623579
-0.12974489,0.66911626
-0.14763761,0.78644538
0.030139523,0.026170164
-0.16192767,0.62937564
-0.091320701,1.8090727
-0.26472649,0.56686109
-0.29729247,0.49012151
0.02122329,-0.12090913
-0.12422545,0.7335043
-0.10330719,0.27831426
0.082423054,0.68827868
-0.30387539,0.59091651
-0.1800302,0.51534235
-0.51170248,
-0.16590753,
0.034576643,0.55256075
-0.10604184,0.56516016
-0.24131721,0.083452947
-0.034081962,0.57892573
-0.22464107,0.59930438
0.070934147,0.51148903
-0.066916302,0.5295741
-0.26680869,0.58883381
0.0467632,-0.0015711171
0.10801193,0.65353596
-0.23581068,0.16132347
,
-0.24913202,0.60951412
-0.095075913,0.68643445
0.097757705,
0.10186563,0.61546785
0.11679775,0.56739777
-0.1648722,0.66009718
-0.16225521,0.55207473
0.145613,0.49753225
-0.092789613,-0.1009133
-0.040110026,0.62290788
0.14164956,0.18966229
0.1216596,0.64221704
-0.078371726,0.69543928
-0.20774527,0.58917958
0.09304177,0.47278622
-0.22757356,0.3880761
-0.2003174,0.095099136
,
-0.051261041,0.79287034
,
-0.11449313,0.38380066
0.1991069,0.62116724
0.13558955,0.68229848
-0.043165598,0.59411514
0.055594999,0.68711859
-0.0047749877,
-0.075137332,0.28060776
-0.16262318,0.11561167
-0.28115812,0.026393862
0.0091092447,0.67280346
-0.22087348,0.32551476
-0.21495,0.212089
0.1953696,0.53491485
,
-0.33969846,
-0.3358523,
-0.064693272,0.21003509
,
0.12264409,0.47742426
,
,
-0.44358158,0.34324777
-0.0061890795,0.5609861
0.1758723,0.74263573
,
-0.024204265,1.2759244
0.16465284,1.1919413
-0.11126579,1.5419838
0.050315481,1.3857545
0.0019086311,0.11977047
,
,
-0.17361072,
,
0.18319967,1.3547125
,
,
,
