,
,
,
,
,
,
,
,
,
,
,
,
,
,
,
,
,
,
,
,
,
,
,
,
,
,
,
,
,
,
,
,
,
,
,
,
,
,
,
,
,
,
,
,
,
,
,
,
,
,
,
,
,
,
,
,
,
,
,
,
,
,
,
,
,
,
,
,
,
,
,
,
,
,
,
,
,
,
,
,
,
,
,
,
,
,
,
,
,
,
,
,
,
,
,
,
,
,
,
,
,
,
,
0.29109231,-0.20376685
0.23132652,0.96514654
0.24896975,1.4002318
0.2532911,1.2242526
0.26714942,-0.21076234
0.23197289,-0.46286571
0.11788171,0.7167756
0.11905904,0.88747668
0.23452392,-0.19358666
0.16739902,1.0559776
0.20319097,1.0693741
0.25834942,0.092766576
0.20870227,1.1440142
0.26305971,-0.44766146
0.062345982,0.7368806
0.17084701,1.1545823
0.18004394,0.84984976
0.24263439,0.1091314
0.19947216,-0.21412081
0.21527717,-0.15220484
0.17122586,0.81578469
-0.00062495924,1.1126407
0.23329498,0.88962471
0.30741721,-0.45811135
0.21335717,-0.37370753
0.11508625,-0.0414575
0.27108592,0.18247573
0.19517416,-0.39905918
0.256446,0.54339552
0.24637325,1.3463829
0.2397687,-0.18768328
0.23018847,-0.64291072
0.24978772,0.13164489
0.25973269,-0.25586432
0.20165402,1.433561
0.2307554,-0.27700737
0.13175829,-0.63636369
0.13570988,1.3516483
0.26050541,-0.095672838
0.26874825,-0.35495785
0.23058285,-0.22448973
0.20857191,-0.37277332
0.19180252,0.71360379
0.21826461,-0.38148335
0.35950872,0.051418371
0.021026019,0.65999991
0.26577455,1.1467847
0.26786822,1.4494382
0.17886832,-0.60569596
0.22529405,0.22140157
0.26147151,0.29362881
0.22005652,1.2955666
0.06087631,0.53807747
0.20751196,-0.42517808
0.31795344,0.91629463
0.061418585,-0.15240079
0.31012681,1.4192872
0.30306801,1.6142538
0.3019383,0.18785904
0.19239894,1.5363824
0.22970645,0.13397036
0.21001974,1.2687141
0.25648952,-0.58249849
0.29256037,-0.47087383
0.18195616,0.89446759
0.27599448,0.75969636
0.35293967,0.33382678
0.42730382,0.32596686
0.19216602,0.16588563
0.15566729,1.1058015
0.341517,0.78841645
0.24462719,0.73476022
0.27425826,-0.63161254
0.25197974,-0.81681675
0.17914791,0.86646885
0.34570462,0.48323256
0.18692784,1.0368549
0.16859248,-0.80476105
0.27656075,0.16032095
0.30960989,0.36251599
0.33318099,0.33645737
0.18240096,1.4826891
0.2437143,0.55651379
0.13597153,0.44539052
0.2206807,0.31292346
-0.0055177389,0.56701028
-0.021943007,0.23606753
0.14427793,-0.52073741
0.33475587,1.7843137
,0.60118169
0.10723899,-0.60227877
0.45028105,0.49716529
0.25918794,0.40208563
0.23269324,-0.4812949
0.26874638,-0.49157971
0.40534458,1.0553762
0.17845888,-0.89126301
0.28966779,-0.66387767
,0.59910911
0.30553743,0.59183675
0.27515459,-1.087961
0.23731795,0.38848057
0.25268942,1.6815314
0.17998615,-0.99699694
0.21709886,0.65143311
0.36814538,1.6152411
0.083114646,1.5608667
0.14522146,-1.2255046
0.19322349,-0.80522561
0.14190787,1.5581396
-0.10658754,-1.1510432
0.2998856,1.6675223
0.30062324,0.62149531
0.23470616,-0.89889556
0.238804,1.8473761
0.2391208,-0.72557175
0.21956012,-1.431919
0.19852988,1.5489092
0.20624381,1.8595989
,-1.4211298
,-1.2717149
0.18437469,-1.2017168
,-0.84750736
0.30970833,-0.84942287
0.18673413,-0.7583788
0.2611191,-0.9138301
0.20204341,-0.83333331
0.14209922,1.7121662
0.32213262,-1.046562
0.18076029,-0.64711404
0.36721289,-0.65037704
0.21133101,1.7474846
,-1.1697512
,-1.5859516
,-1.0465621
,-1.4429859
0.21976802,-1.0071259
0.2415316,-0.74863386
,-1.579157
0.04173873,-1.4474474
0.1128263,1.9316154
,-1.404387
0.32463846,1.6923076
,-1.5352113
0.34000263,1.8260326
0.12886892,-1.2066116
0.16892345,-1.0040486
,-1.2064354
,-1.2033899
0.45293745,1.7347504
,-1.4503497
0.14712852,-1.1621622
,-1.394569
,-1.6758147
,-1.1683241
,-1.6349891
,-1.6643512
,-1.4328147
0.43563876,1.9127302
,
,
,
,
,
,
,
,
,
,
,
,
,
,
,
,
,
,
,
,
,
,
,
,
,
,
,
,
,
,
,
,
,
,
,
,
,
,
,
,
,
,
,
,
,
,
,
,
,
,
,
,
,
,
,
,
,
,
,
,
,
,
,
,
,
,
,
,
,
,
,
,
,
,
,
,
,
,
,
,
,
,
,
,
,
,
,
,
,
,
,
,
,
,
,
,
,
,
,
,
,
,
,
,
,
,
,
,
,
,
,
,
,
,
,
,
,
,
,
,
,
,
,
,
,
0.15247272,0.96493351
0.17372547,0.82808715
0.23324858,1.2666667
0.11730734,1.2954545
0.1132786,1.2588958
0.12697135,1.0490798
0.10787544,1.4352518
0.23995815,1.5333333
0.12774909,-0.13443395
0.076277293,1.0909091
0.15260357,0.96962333
0.18664733,-0.26918536
0.072940163,1.3223443
0.099926725,1.1632653
0.08974874,1.1108404
0.12726165,-0.20094007
0.23615788,1.001171
0.14122874,-0.33687943
0.25762543,-0.06666667
0.18063487,0.83211678
0.11203194,0.90920246
0.12663527,-0.067535542
0.1231162,0.96144581
0.22801903,0.80093676
0.098298132,1.5386503
0.14493309,0.13491124
0.11544874,1.4404333
0.21255951,0.066980027
0.16513892,-0.27703524
0.22119984,-0.26666668
0.17164254,0.6875754
0.097411081,1.171705
0.25719216,1.3380282
0.13432066,0.9556886
0.037365545,1.4108911
0.15320423,-0.20405728
0.13144591,-0.34671533
0.13812885,1.1149144
0.10781163,1.6383233
0.23691392,1.2711267
0.28865606,0.2
0.13838893,-0.1393643
0.16781873,-0.40235293
0.046983328,1.3337438
0.20574524,0.80187571
0.1732365,-0.53900707
0.085186563,1.234657
0.19869865,0
0.072001904,1.2682323
0.10159461,1.6245353
0.19559784,0.87485242
0.17426215,0.69343066
0.14996378,-0.35624999
0.15629613,-0.27046263
0.057152838,1.1245376
0.18287364,0.74910396
0.07863228,1.4982079
0.1515933,0.83618581
0.16312614,0.95226729
0.2140983,-0.33372366
0.18731457,1.0780141
0.15281816,-0.14214464
0.21729846,1.0716804
0.12677172,-0.2787286
0.054698601,1.5311356
0.20851345,0.62181818
0.21378727,1.3443396
0.20679474,-0.06818182
0.2209278,0
0.11507954,-0.56999999
0.22359407,0.13784765
0.19078229,0.26982248
0.24580373,-0.06909091
0.1693812,0.82014388
0.13637711,-0.071249999
0.082704552,0.91143912
0.13728283,-0.20503597
0.17825978,-0.34050179
0.13974853,-0.67375886
0.066053793,0.98640299
0.2810629,0.26760563
0.1670288,0.69767439
0.23729536,0.13555291
0.071602337,-0.48658538
0.15871519,0.069597073
0.23744132,1.4735606
0.21083598,0.14196762
0.16934347,-0.55339807
0.26203501,0.73591548
0.21649523,-0.53395784
0.10363366,0.77599013
0.20055911,0.54939759
0.12640995,-0.41860464
0.12736644,1.630597
0.21202748,0.54480284
0.29143566,0.33333334
0.098036036,-0.71249998
0.22243486,0.74025977
0.19055597,0.1425
0.1748662,0.61510789
0.1056225,1.6125461
0.22788848,0.28428927
0.18057789,0.13953489
0.11759812,0.70110703
0.14085303,0.62944788
0.21527052,0.62637365
0.21987408,0.55407047
0.13733134,0.63333333
0.12053939,-0.55745721
0.20560405,0.53458381
0.20662107,-0.60140681
0.22187543,0.20454545
0.16320154,0.41304347
0.079603851,1.6442307
0.16415925,-0.53710246
0.16052218,0.64125001
0.13108373,0.48957056
0.20094812,0.54676259
0.2473488,1.6705744
0.096260481,-0.80851066
0.13729677,-0.4778443
0.24891524,-0.73419201
0.22874485,0.33807829
0.11098158,-0.60854095
0.088207297,0.40811455
0.25693563,0.34841076
0.11913384,-0.69427526
0.11057858,-0.7817955
0.11949043,-0.62867647
0.12943791,-0.87692308
0.053274006,0.4919852
0.2355125,0.56857854
0.2678977,-0.73505276
0.086688146,-0.85500002
0.3356007,0.42643392
0.051541787,-0.49320149
0.19111659,0.21007371
0.14799893,-0.87796211
0.044229034,0.34131736
0.20210306,-0.93442625
0.21492155,-0.67776459
0.13574941,-0.61363637
0.22889806,-0.93552166
0.13542008,-0.76744187
0.12099943,-0.63177341
0.048862576,-0.63490099
0.18364617,-0.80470586
0.19008169,-0.81331748
0.10421372,-1.0674157
0.11229718,-1.0792899
0.18648826,-1.1346604
0.17566445,-0.83618581
0.11880626,-0.70024568
0.15185153,-1.0805687
0.1287245,-1.0700876
0.19880542,-1.0058824
0.027568392,-0.77599013
0.062163975,-0.91707921
0.056889463,-1.1259259
0.13027135,-1.0082548
0.16039459,-0.97794116
0.26824829,-0.81916165
,-1.1094891
0.1751028,-0.9579832
0.2539123,-0.14285715
0.20452856,-0.35714287
0.30411333,-0.071428575
0.31249285,-0.21428572
0.26450905,-0.21428572
0.19366573,-0.21428572
0.25592113,-0.2857143
0.27078342,0
0.28208283,1.2857143
0.23515788,1.1428572
0.33661148,-0.071428575
0.19481146,1.0714285
0.20117125,-0.5
0.32824698,-0.2857143
0.27355343,-0.35714287
0.25389278,-0.21428572
0.24479474,1.4285715
0.18562751,-0.2857143
0.22895312,1.2857143
0.30911312,0.14285715
0.23591258,-0.14285715
0.18112667,-0.35714287
0.24200508,-0.35714287
0.27412707,-0.5
0.34603927,0.21428572
0.19990379,-0.42857143
0.25536266,0.14285715
0.2860578,0
0.21591289,1.5
0.22453351,1
0.31751287,0.21428572
0.25637498,-0.5714286
0.25444445,1.4285715
0.21556532,0
0.17612724,-0.5714286
0.19490077,0.71428573
0.20260693,1.0714285
0.21086146,1.2857143
0.33218792,-0.5
0.17176405,1.2857143
0.18993536,0.9285714
0.23447795,-0.5714286
0.1811105,0
0.21047288,0.71428573
0.22266042,0.9285714
0.20483394,0.9285714
0.3162694,-0.42857143
0.15412694,1.1428572
0.1851456,1
0.22668187,1
0.16900738,1.2142857
0.23265214,1.5714285
0.15314768,-0.5714286
0.25107104,-0.35714287
0.23616317,-0.78571427
0.1993892,1.7857143
0.20661777,-0.5714286
0.31031236,0.21428572
0.18667077,0.71428573
0.29549336,0.071428575
0.17046927,0.78571427
0.36935705,0.14285715
-0.0053403336,0.5
0.2179108,0.85714287
0.17482953,1.3571428
0.18808581,-0.071428575
0.27454123,0.071428575
0.38381359,0.2857143
0.081514433,1.1428572
0.2249954,0.78571427
0.14686751,-0.5
0.18073292,-0.5
0.17123058,0.85714287
0.35472715,-0.64285713
0.12109637,0.9285714
0.26582938,1.5714285
0.20506994,0.85714287
0.2723912,0.2857143
0.20039746,0.78571427
0.22129123,-0.42857143
0.16039293,-0.64285713
0.16523257,0.78571427
0.49052748,0.42857143
0.16369252,1.0714285
0.35708097,0.42857143
0.17914553,0.71428573
0.15101475,1.0714285
0.18977332,0.64285713
0.18133709,-0.64285713
0.23060265,1
0.1595933,0.5714286
0.19588941,1.5714285
0.16829339,0.5714286
0.23552324,1.3571428
0.37232798,-0.78571427
0.31012681,0.14285715
0.15154663,-0.64285713
0.2164003,1.6428572
0.23845899,0.21428572
0.14833136,-0.78571427
0.25746277,0.2857143
0.16275327,0.5
0.26412886,0.5714286
0.3241334,0.2857143
0.16023982,0.78571427
0.12974152,0.71428573
0.35708046,0.35714287
0.56666678,0.35714287
0.27165094,-0.64285713
0.2885932,0.5
0.19864589,-0.64285713
0.11815522,-0.85714287
0.40840307,1.3571428
0.16878413,1.5
0.5110507,0.35714287
0.17019501,-0.78571427
0.17940705,-0.71428573
0.29431456,0.2857143
0.29605424,0.2857143
0.35965908,-1
0.14055911,-0.5
0.206425,1.5714285
,0.5
,0.42857143
0.10731664,1.7857143
0.24636181,-0.9285714
0.14210324,0.64285713
0.20282792,1.7142857
0.46382752,0.5
0.051012252,1.5714285
0.0015778263,0.64285713
0.19873123,-0.9285714
0.29835817,-1
0.2879357,-0.78571427
0.39184782,1.5714285
0.083095193,-0.85714287
0.11099312,-0.71428573
0.20145272,-0.85714287
0.16257617,1.7857143
0.25545084,-0.78571427
0.22762384,-0.78571427
0.17349167,-0.78571427
0.25656942,-1.0714285
0.12800367,-1
0.19411057,-0.9285714
0.39062503,1.5714285
0.093885139,1.7857143
0.33173501,1.7857143
0.24772134,1.7857143
0.088373907,-1.0714285
0.17445087,1.9285715
,1.8571428
,
,
,
,
,
,
,
,
,
,
,
,
,
,
,
,
,
,
,
,
,
,
,
,
,
,
,
,
,
,
,
,
,
,
,
,
,
,
,
,
,
,
,
,
,
,
,
,
,
,
,
,
,
,
,
,
,
,
,
,
,
,
,
,
,
,
,
,
,
,
,
,
,
,
,
,
,
,
,
,
,
,
,
,
,
,
,
,
,
,
,
,
,
,
,
,
,
,
,
,
,
,
,
,
,
,
,
,
,
,
,
,
,
,
,
,
,
,
,
,
,
,
,
,
,
,
,
,
,
,
,
,
,
,
,
,
,
,
,
,
,
,
,
,
,
,
,
,
,
,
,
,
,
,
,
,
,
,
,
,
,
,
,
,
,
,
,
,
,
,
,
,
,
,
,
,
,
,
,
,
,
,
,
,
,
,
,
,
,
,
,
,
,
,
,
,
,
,
,
,
,
,
,
,
,
,
,
,
,
,
,
,
,
,
,
,
,
,
,
,
,
,
,
,
,
,
,
,
,
,
,
,
,
,
,
,
,
,
,
,
,
,
,
,
,
,
,
,
,
,
,
,
,
0.31875283,0.76016504
0.24785997,0.77306116
0.20775799,0.85800898
0.21649475,1.2514113
0.19500481,1.1487093
0.30762941,0.58997625
0.27573976,0.60786504
0.21112545,1.1712561
0.20261234,0.98386759
0.19694152,1.1411884
0.23106277,1.0313871
0.27804798,0.64907652
0.2157301,1.2614993
0.26794481,0.7171126
0.20396206,1.2501477
0.27982727,0.96029449
0.30765024,0.8617183
0.1779591,1.196159
0.22420387,1.2531701
0.36244547,-0.0093927914
0.30873343,0.44837004
0.19676718,1.257803
0.24264361,0.87698197
0.16962707,1.1933559
0.15724723,1.0175875
0.44165921,-0.21916409
0.2609686,0.62883437
0.25977591,0.55405408
0.25605482,0.68846595
0.22274229,0.68835258
0.18995918,1.019094
0.1853009,1.3596193
0.35534465,-0.3700361
0.22625107,1.3287448
0.24443175,0.69112557
0.4753888,-0.17417677
0.26395369,0.49127376
0.23937085,0.81390029
0.18677913,1.4051193
0.28225103,0.71983451
0.19947091,0.99959773
0.15479313,1.4400465
0.23173888,0.86579067
0.29502881,1.225857
0.44395304,0.039384119
0.17237683,0.99908811
0.25628933,0.52572995
0.18260415,0.61187774
0.43362993,-0.065516755
0.36484146,0.2040091
0.12343293,1.4478141
0.24519582,1.0825428
0.25487211,0.57444125
0.21584354,1.0384662
0.25722346,1.490832
0.51025456,-0.34439844
0.39714944,-0.41879535
0.22273868,0.86932486
0.16777536,1.0330137
0.25166619,1.2150112
0.39850405,-0.35316145
0.44283959,-0.1511111
0.19451776,-0.27841234
0.13124034,-0.45348608
0.14706135,1.4784468
0.14876409,1.4421639
0.29272729,-0.019192923
0.38200521,0.65664774
0.22685306,0.61154795
0.18823396,-0.0712272
0.44568893,-0.2698552
0.33772364,-0.012689267
0.42481682,0.22349289
0.3811776,-0.55512911
0.4639385,-0.33255801
0.29934365,-0.17934528
0.56685507,-0.37885109
0.40922308,-0.12088819
0.39275762,0.03871071
0.23392984,-0.34849086
0.29796216,0.39068609
,0.36718333
0.39131793,0.20446201
0.2223063,1.4660157
0.31754634,0.49102777
0.29018837,-0.64951718
0.33194476,0.59559089
0.39304569,-0.47027642
0.48165351,-0.52255654
0.42249912,-0.747105
0.38864586,-0.2980614
0.39368352,-0.89893883
0.18473269,0.84055042
0.15651618,-0.59756565
0.28880471,1.4619676
0.22435586,0.3949247
0.39040315,-0.21354684
0.21312569,0.11725337
0.35137001,-0.66615993
0.35544783,-0.25586814
0.45084259,0.42240894
0.40275466,-0.5163306
0.33539578,0.020114649
,0.45019996
0.3978202,-0.55610895
0.14635527,-0.5496605
0.33567742,0.33159688
0.18498775,0.43004987
0.37769696,0.39109063
0.41900361,0.1275437
0.35073307,-0.47469032
0.25574672,0.15146205
0.38661721,0.063060053
0.53171629,0.24552624
0.28592142,-0.67999315
0.36621219,-0.43500021
0.33946109,-0.82234955
0.27926967,-1.0009471
0.28924459,0.49134827
0.40469345,-0.46677399
0.3827711,0.27903819
0.20459686,-0.65694457
0.38739842,-0.66220975
,0.33007017
0.21289201,-0.63878232
0.28613195,-0.63452441
0.28603885,-0.98098695
0.31659865,-0.6539793
-0.00010806258,-0.96158695
0.3662847,-0.87188995
0.29177681,0.18231139
0.3813979,-1.0199708
-0.062023178,-1.1560192
0.47425997,-0.85862064
0.19227189,-0.96029449
0.056066126,-0.82143652
0.28304848,-1.1081872
0.2358252,-0.70670402
0.23356526,-0.63823164
0.18175887,-0.83981448
0.24767315,-0.75815475
0.040872626,-1.0430759
,-0.96056378
0.20941877,-0.99864006
0.36531633,-1.0532703
0.16316304,-0.62778944
0.15338597,-0.61427569
,-1.0908294
0.39980918,-0.89787728
0.15876767,-1.12827
0.41248038,-0.84879881
0.096219711,-0.9667905
0.46654436,-1.0597738
0.12585747,-1.1315606
0.070066571,-0.84867239
,-0.91127402
,-1.0406294
0.38190427,1.5189482
0.40272349,1.4223768
0.39538452,1.319208
0.46391279,1.7312708
0.42406332,1.1480591
0.42379826,1.3749232
0.45066041,1.1242052
0.36267334,1.4936398
0.18717355,1.5168887
0.35174885,1.2702093
0.50980961,1.3881974
0.42175525,1.6749501
0.30071625,1.1935496
0.44101313,1.3328727
0.24315527,0.16119313
0.43608376,1.5999298
0.31422529,0.95907372
0.31193811,1.1603994
0.36124948,0.18881333
0.46554738,1.5963686
0.39906558,1.7244866
0.24846987,-0.078494877
0.27438125,1.0356253
0.37342042,1.077453
0.38561752,0.12065614
0.36180714,1.2104963
0.39752033,-0.018713618
0.37004614,1.6168481
0.29365659,1.0402998
0.19957344,-0.21048468
0.45270142,1.2799283
0.35144466,1.0199556
0.35890868,0.91238594
0.33766246,-0.027757196
0.24582434,0.91295159
0.15428704,-0.32561353
0.27616283,-0.11297961
0.49663591,1.708025
0.30798343,1.4585655
0.22993907,0.19966014
0.27432013,0.94832128
0.29932147,0.82679832
0.12462518,-0.088443495
0.15989223,-0.45044938
0.25145811,0.8279413
0.37219492,-0.31289363
0.46144611,0.31813073
0.26954085,-0.182282
0.26543236,0.87804568
0.26491916,1.6566617
0.28244177,-0.17278685
0.18930486,0.74178141
0.21327405,-0.2637955
0.34589085,0.26736513
0.26402977,0.70317405
,-0.41341957
0.24605194,-0.69408971
0.29752013,-0.28300467
0.26087934,-0.41619292
0.22652623,-0.51957393
0.34670597,-0.49118066
0.15655157,0.73768312
0.24421373,0.75633281
,-0.59119219
0.10654993,0.67865974
0.20556554,0.78899771
0.38124353,-0.2027187
0.23966579,0.83270758
0.089189537,-0.87662011
0.37296686,0.70449597
0.32131514,0.41330048
0.22119017,0.85909635
0.42806193,0.35957265
0.30209777,-0.37187517
0.062841527,0.62035316
0.35107926,0.3135508
0.18920155,-0.44416213
0.13326517,0.63640428
0.24250342,-0.59824324
0.14113556,0.60393101
0.40733433,0.45644209
0.18975721,0.67032969
,-0.6844576
,0.47173426
0.31387645,-0.61401856
0.17380333,0.56087655
,-0.62376589
0.3842788,0.42128024
,-0.79415429
0.40478536,0.63935053
0.10686033,0.53169471
,-0.91004825
0.13919409,-0.61973512
0.18361636,-0.8315798
0.031917017,-0.70068073
,-0.5377897
0.2144531,-0.73052651
,-0.89884043
0.1924959,-0.84203947
,-0.88662189
,-0.75122541
,-0.87235063
,
,
,
,
,
,
,
,
,
,
,
,
,
,
,
,
,
,
,
,
,
,
,
,
,
,
,
,
,
,
,
,
,
,
,
,
,
,
,
,
,
,
,
,
,
,
,
,
,
,
,
,
,
,
,
,
,
,
,
,
,
,
,
,
,
,
,
,
,
,
,
,
,
,
,
,
,
,
,
,
,
,
,
,
,
,
,
,
,
,
,
,
,
,
,
,
,
,
,
,
,
,
,
,
,
,
,
,
,
,
,
,
,
,
,
,
,
,
,
,
,
,
,
,
,
,
,
,
,
,
,
,
,
,
,
,
,
,
,
,
,
,
,
,
,
,
,
,
,
,
,
,
,
,
,
,
,
,
,
,
,
,
,
,
,
,
,
,
,
,
,
,
,
,
,
,
,
,
,
,
,
,
,
,
,
,
,
,
,
,
,
,
,
,
,
,
,
,
,
,
,
,
,
,
,
,
,
,
,
,
,
,
,
,
,
,
,
0.27184856,1.1228025
0.15815549,1.495885
0.21258499,-0.1132791
0.16505246,1.3640857
0.2068685,-0.19190116
0.31659079,0.23112842
0.28289965,-0.13657525
0.20040947,0.057192404
0.22109006,-0.23515436
0.1471567,1.2838265
0.23889638,0.91245782
0.24765004,0.32459018
0.2082565,-0.15640269
0.20077384,-0.39589164
0.26930255,0.10328889
0.26857907,1.6299413
0.23331387,-0.31084681
0.26451275,1.048385
0.22121927,-0.031892274
0.19826071,1.3036497
0.24386917,1.2074074
0.29766518,0.12251507
0.27544048,0.044312805
0.27624848,-0.10593051
0.24907203,0.13769332
0.28375259,0.40012646
0.27749321,0.009254219
0.25795257,1.3759942
0.16875374,0.7535038
0.22640516,-0.22459103
0.23035055,0.31748846
0.21941717,-0.48958328
0.083323143,-0.44175214
0.15486337,1.2361377
0.25687042,0.053221289
0.3473019,0.14394706
0.16496728,1.0747932
0.18912283,1.4357283
0.19739346,0.30412465
0.15186267,0.92413503
0.21365428,1.4254323
0.1384559,1.3761084
0.23820928,1.1181967
0.22242934,1.5998558
0.1045864,0.15237421
0.15896775,-0.30889535
0.22613095,1.4048725
0.24589768,-0.021729033
0.24022281,-0.40854865
0.26497537,1.0742251
0.23400393,0.27272728
0.22348695,0.32999283
0.18118203,0.14720549
0.1766813,1.2261763
0.1738416,-0.25072408
0.17854196,-0.1756307
0.1630353,0.34946683
0.2082639,-0.44654083
0.13832878,-0.61513305
0.19456567,1.2894813
0.19770584,1.4888602
0.23839867,-0.63731056
0.17694303,1.2063491
0.34214363,-0.33428368
0.21727291,-0.025250778
0.21016128,-0.18529412
0.3056649,0.4806183
0.17520621,1.0606909
0.24190214,0.16068867
0.20293768,-0.42022473
0.22774172,-0.28575444
0.12201586,1.0360111
0.16318724,-0.47652522
0.14878538,-0.063011013
0.20685506,1.4599919
0.24525549,1.0381231
0.22693217,1.1827126
0.25744012,1.4965461
0.10836317,1.018648
0.24239406,-0.15635858
0.14679657,0.10323046
0.24490808,0.21509437
0.19606537,1.1128799
0.15061489,-0.08017493
0.1968106,0.98545855
0.22067349,0.48072702
0.27542692,0.89886069
0.23851867,0.83835477
0.26314083,0.25843477
0.2662558,-0.78503788
0.28022841,0.091422521
0.049223129,1.5026853
0.22102855,-0.43174461
0.18074016,-0.46425068
0.26766783,0.03038674
0.19709231,1.2519175
0.16854763,-0.24167873
0.1298248,0.98561943
0.18140434,0.81969488
0.13897099,0.88703835
0.18544334,1.0266666
0.24500991,-0.56284148
0.20933713,-0.59428304
0.22459425,0.86351705
0.1892473,-0.93276519
0.26126599,0.45013484
0.14319973,1.7471265
0.24473266,-0.59748423
0.25967744,0.73430657
0.2935833,-0.1749793
0.27203685,0.53120667
0.27285329,0.95064062
0.20136899,1.4742794
0.24349073,0.32666281
0.23678409,0.74236745
0.19212574,0.8683545
0.1774597,0.82709903
0.19716254,0.58730161
0.21943986,1.4952381
0.18706295,0.81762064
0.19474615,-0.97826082
0.24882427,0.81180412
0.20800294,-0.3898026
0.22487272,1.178817
0.22744918,1.731879
0.18103644,-0.64441323
0.21245563,0.901752
0.20468184,0.35292083
0.11379965,-0.6598323
0.18283558,-0.2682927
0.16083743,0.3446165
0.19616699,0.70166379
0.23550655,0.52773678
0.31010446,0.80952382
0.2447522,-0.32093024
0.32388952,0.32157969
0.2392922,-0.57154608
0.088080838,0.81294966
0.15729825,-0.23341355
0.14037745,0.71219611
0.19894093,-0.37878788
0.31021667,-0.74496645
0.17753664,1.552425
0.10952577,1.6527817
0.17959768,1.6227546
0.18588878,-0.31663889
0.18882525,-0.61625057
0.32401964,0.59346128
0.23423748,-0.62387234
0.30992624,0.86079723
0.27199,0.45802805
,0.67522556
0.13198657,0.53287816
0.23051594,-0.44602999
0.21755487,-0.75782764
0.21571234,0.67674476
0.18441193,1.7927928
0.30547795,0.60204083
0.2116719,0.51575929
0.14723228,-0.36260623
0.36358526,0.79578722
0.24113123,-0.73333329
0.23273486,1.8853782
0.14449586,1.715344
0.28315032,0.39380693
0.17733859,0.56876296
0.17931713,0.36080983
0.40872726,0.74285728
0.12784147,-0.74842763
0.35825288,0.69070631
0.26934463,-0.59765911
0.10531338,1.6997167
0.17453466,-0.62186038
0.18336016,-0.83402491
0.22784884,1.6623437
0.20145437,-0.83372259
0.26078373,-0.84844619
0.21849822,1.8099221
0.055992614,1.7261009
,0.60787606
0.34640247,0.62857145
0.25353757,-0.5925926
0.1861573,0.65369785
0.18590648,1.7022033
0.22874954,-0.65722382
0.30128247,0.57842791
0.17201807,1.8730001
0.25174505,-0.86487734
0.21196677,-0.73418337
0.20612384,-0.88297367
0.26254281,-0.79058325
0.30197895,-1.0278192
,1.7270051
0.25346962,-0.92592591
,-0.95864105
0.14358264,-0.77874815
0.22516449,-1.0072833
0.13623454,1.97109
0.18428181,-0.98060942
0.22915225,-1.0982013
0.43361905,-0.85226274
,-1.169867
0.31050596,-0.92871636
0.17944486,-1.0597637
0.26148289,-0.7647748
0.25648665,-1.0279617
0.26149923,-1.0769789
0.29136029,-1.1246016
0.13838007,-1.0417868
0.19466932,-1.1892698
0.29217169,-1.0538327
0.21189468,-0.88104349
,1.9381443
0.1033264,-0.98251134
0.52948809,1.7678572
0.091059633,1.8899031
0.16260383,1.8500355
0.40024173,-0.077050969
0.28507242,0.19611919
0.54874349,-0.29982391
0.38283652,-0.20805059
0.30363283,0.11908871
0.390219,-0.054263595
0.4239786,-0.14911366
0.4145951,-0.22210708
0.50273019,-0.38066897
0.13943239,1.4386817
0.37494853,-0.24709199
0.55743217,-0.53819543
0.25446111,1.3126684
0.45497274,-0.38510936
0.39178413,-0.26002672
0.32146567,1.0501873
0.3556262,0.15144953
0.40221995,0.12272259
0.29476187,0.83236992
0.36411074,0.29295665
0.24822462,0.43728343
0.17624941,1.2782727
0.31601733,0.856996
0.20786025,1.0387701
0.29812169,0.3434566
0.47930095,-0.60780293
0.26291865,1.1291758
0.14335489,0.880252
0.37361872,-0.39478958
0.35080478,-0.45851943
0.27822775,0.62897247
0.37179986,1.3165838
0.2723684,0.82945728
0.13042885,1.6403663
0.42602512,-0.41910017
0.41021311,1.4665713
0.18715046,1.0530287
0.45987746,-0.37409481
0.38853592,-0.39627093
0.29327625,0.23553005
0.34630349,0.16984732
0.41935632,-0.59445488
,-0.77561677
0.52779329,-0.60253793
0.27304229,0.89909536
0.18888503,1.3389926
,0.64959717
0.40487215,1.3450739
0.35344231,-0.56360579
0.088057302,1.5264601
0.24326321,0.14466292
0.24971299,1.1720141
0.24595477,0.32187071
0.32750866,0.34684694
0.032471087,0.85945076
0.18776375,1.428188
,-0.88441634
,-0.60084927
0.086232498,1.1362873
0.2339678,1.2701541
,-0.75226587
0.21197844,0.2882188
0.11389489,1.4560736
0.29722208,0.81148416
0.41771367,-0.60134679
0.08357618,0.66241336
0.30864519,0.76747429
0.18420897,0.64610171
0.33802989,1.6728538
,-0.69822901
,0.84014702
0.36466458,-0.43702683
0.26276487,0.40936863
0.272589,1.0412518
0.23716967,1
,1.3998897
0.39468428,-0.53090543
0.21989766,1
0.20854987,0.70932174
0.052037753,1.7282209
0.15874219,0.83503979
0.20647909,1.0589231
,-0.58272886
0.18374118,0.43117338
-0.042971786,1.6300068
0.17311668,1.5748899
0.31374422,0.35922331
0.38350397,-1.0262921
,-0.82227439
0.12399308,1.58311
0.13801607,0.69666946
,0.49747291
,-0.92650175
,-1.0028189
,-0.80360061
,0.52858305
0.014459632,1.844888
0.34682092,0.59853417
,0.71825123
0.14756443,1.5154124
0.026331194,0.48214287
0.39130855,-0.69258189
,-0.73921835
0.47941291,-1.1922246
,0.64621454
0.13500665,1.7272111
0.3529267,0.30180556
0.20017572,1.8879364
,-0.87414962
0.49320358,-0.78221631
,-1.1458774
0.055555586,1.6995614
0.34136978,-1.3592513
,1.7
,-1.0544064
0.27429277,1.7385501
0.35133806,-0.87596905
-0.032871626,1.8410395
,-0.93463612
0.21331573,1.9170997
0.026213532,1.8312433
0.4612551,-0.99141634
,-1.2433193
,-1.208087
0.18884076,-1.0354278
0.19526796,1.9342068
,-1.2851003
0.44493732,-1.2047945
0.1013269,1.8539224
-0.0041202311,1.9717569
,-1.3644098
,-1.2537826
,-1.0991957
,-0.92994744
,-1.1510191
,-1.1213763
,-1.0808356
0.206609,-1.1632081
0.073039323,-1.1633065
,-1.3084577
,1.907483
,
,
,
,
,
,
,
,
,
,
,
,
,
,
,
,
,
,
,
,
,
,
,
,
,
,
,
,
,
,
,
,
,
,
,
,
,
,
,
,
,
,
,
,
,
,
,
,
,
,
,
,
,
,
,
,
,
,
,
,
,
,
,
,
,
,
,
,
,
,
,
,
,
,
,
,
,
,
,
,
,
,
,
,
,
,
,
,
,
,
,
,
,
,
,
,
,
,
,
,
,
,
,
,
,
,
,
,
,
,
,
,
,
,
,
,
,
,
,
,
,
,
,
,
,
,
,
,
,
,
,
,
,
,
,
,
,
,
,
,
,
,
,
,
,
,
,
,
,
,
,
,
,
,
,
,
,
,
,
,
,
,
,
,
,
,
,
,
,
,
,
,
,
,
,
,
,
,
,
,
,
,
,
,
,
,
,
,
,
,
,
,
,
,
,
,
,
,
,
,
,
,
,
,
,
,
,
,
,
,
,
,
,
,
,
,
,
,
,
,
,
,
,
,
,
,
,
,
,
,
,
,
,
,
,
,
,
,
,
,
,
,
,
,
,
,
,
,
,
,
,
,
,
,
,
,
,
,
,
,
,
,
,
,
,
,
,
,
,
,
,
,
,
,
,
,
,
,
,
,
,
,
,
,
,
,
,
,
,
,
,
,
,
,
,
,
,
,
,
,
,
,
,
,
,
,
,
,
,
,
,
,
,
,
,
,
,
,
,
,
,
,
,
,
,
,
,
,
,
,
,
,
,
,
,
,
,
,
,
,
,
,
,
,
,
,
,
,
,
,
,
,
,
,
,
,
,
,
,
,
,
,
,
,
,
,
,
,
,
,
,
,
,
,
,
,
,
,
,
,
,
,
,
,
,
,
,
,
,
,
,
,
,
,
,
,
,
,
,
,
,
,
,
,
,
,
,
,
,
,
,
,
,
,
,
,
,
,
,
,
,
,
,
,
,
,
,
,
,
,
,
,
,
,
,
,
,
,
,
,
,
,
,
,
,
,
,
,
,
,
,
,
,
,
,
,
,
,
,
,
,
,
,
,
,
,
,
,
,
,
,
,
,
,
,
,
,
,
,
,
,
,
,
,
,
,
,
,
,
,
,
,
,
,
,
,
,
,
,
,
,
,
,
,
,
,
,
,
,
0.59594828,1.2430048
0.56146467,1.1341438
0.57325631,1.3933631
0.6529358,1.3221505
0.53602147,1.2520131
0.48426008,1.2092263
0.3908937,0.59049463
0.60807252,1.4162986
0.59704924,1.5155041
0.33745238,1.3608125
0.39062655,0.79123086
0.54916263,1.0401022
0.59008133,1.1758705
0.66492707,1.5713677
0.47975335,1.3978118
0.46403545,1.2281208
0.46655011,1.0278841
0.32681236,1.3793677
0.4902316,1.4027612
0.28244397,1.1993264
0.27712122,1.2632684
0.49524948,1.3926057
0.31288156,1.4090784
0.490569,0.87756646
0.47087023,-0.041122783
0.24366592,0.39620176
0.44241053,0.72758651
0.49599445,0.77502525
0.34203607,1.2054651
0.52778268,1.0834397
0.43266499,1.3093392
0.39240211,1.2242329
0.55168414,0.80493855
0.45241249,1.4579319
0.29946479,1.4917445
0.51148993,1.4114767
0.3404229,0.9152419
0.34209442,0.95699298
0.52811825,0.7871393
0.34498894,1.0244241
0.37109154,0.71897441
0.56555802,0.95508617
0.25562251,0.85567969
0.43610409,1.1422884
0.34605786,1.1130761
0.4538171,-0.21038552
0.53831714,1.062627
,0.66794997
0.22486699,0.90014434
0.35711804,-0.31201801
0.37771693,0.76034445
0.43448156,-0.1390008
0.39587605,0.66435927
0.29153401,0.86023194
0.23428275,0.66239238
0.28974223,1.5356958
0.21589196,0.72611266
0.63179648,0.14686754
0.36277193,-0.072046883
0.40042606,0.89598024
0.55289441,0.66613841
0.30963141,0.84023446
0.48742715,1.5632277
0.36074233,0.7606554
0.28294742,0.51345903
,0.070936821
0.45770231,1.2074406
0.5487743,-0.013576354
0.37735268,1.0425858
0.42102197,-0.17607188
0.40259197,1.3297415
0.38154542,0.73312968
0.21307151,0.7172448
0.37202036,-0.34379724
0.58102763,-0.029681059
0.52954388,0.14908457
0.35325488,-0.10117041
0.46037713,1.052102
0.64402229,1.3631103
0.5713287,1.6661899
0.22906892,0.61922336
0.36817989,1.5704123
0.29809561,-0.28694215
0.54364359,0.9481588
0.26570725,1.2330317
0.32157779,1.5940443
0.23303999,1.2228028
0.45353213,-0.316008
0.27584329,1.0977823
0.35563946,1.5385571
0.53936005,-0.11237063
0.48793551,0.99693805
0.40345585,0.91062057
0.43717405,-0.084939674
0.31269819,0.5507977
0.29641128,1.0342513
0.54870212,1.4674004
0.53589386,1.4700764
0.55735689,0.061320219
0.6331262,0.21289697
0.20599794,0.67934853
0.3002907,0.94759816
0.37949628,1.6416746
0.57523274,0.16407251
0.30580258,-0.46773869
0.68044561,1.5642337
,-0.2401069
0.31679231,0.58126986
,-0.09335047
0.27544093,1.6304538
0.48762742,0.059704982
0.58424735,-0.26315185
0.45542783,1.1081645
,0.55805981
0.61261165,0.20165427
0.64590448,1.719404
0.51178747,0.050834332
,-0.4066681
0.44777045,0.58407927
0.53949457,-0.21827945
,-0.24753715
,-0.41918841
0.52341515,-0.38224983
0.43679404,-0.37902376
0.59424347,0.14290403
0.10735025,0.67706871
0.67261803,0.10991947
0.41573578,-0.4688758
0.50056285,0.099566251
0.32416415,1.5806468
,-0.47584203
0.63426489,0.2235508
,0.28479129
0.51893514,0.027021559
0.31327504,0.60266227
0.56690377,0.30335525
0.42199755,0.20564869
-0.0024127357,0.57418376
0.64542317,-0.027069032
0.30224714,-0.50999111
0.52725887,1.6077542
0.56470048,1.7101566
0.27742714,1.6184992
0.28645959,0.59597605
0.52437931,-0.54549551
0.53704959,0.31364992
0.35284197,-0.45567849
,-0.22401509
0.42686787,-0.44936833
0.54436624,-0.55792457
0.42565459,1.7052536
0.49897549,-0.34817022
0.47254801,0.19045693
0.1726688,0.59051752
,-0.55210197
0.52774239,-0.10139743
0.25107327,0.59829175
0.17349924,0.42102298
,0.37665495
,0.45927471
0.5653013,0.32058427
0.35531795,1.6821749
0.47396132,0.59543163
0.31316862,0.57621908
0.33216825,1.722846
,-0.56332886
0.54229575,0.37610349
0.36166909,1.7552693
0.58414257,0.19053587
,0.48330745
0.49615973,0.27003121
,-0.089009874
0.59817237,1.6388621
0.29211801,0.49904981
0.40347692,0.18360403
0.50275344,-0.61139005
0.46359745,-0.11574489
0.6526711,0.44816101
0.40731859,-0.26704139
,0.39080217
0.3647455,1.7288603
0.3308208,0.521694
0.28645968,0.36966234
0.27498305,1.8183782
0.49311396,0.050191142
0.50689632,-0.4379968
,0.22538012
0.2523531,-0.91160083
,-0.43922496
,-0.63236374
0.37544519,-0.44450542
0.55823058,0.44777024
0.42030755,1.7565023
0.25477257,-0.58032596
0.41758531,-0.73529315
0.14800178,0.49820051
0.50296974,0.24933904
0.54414088,-0.24990048
0.59641796,0.26596266
0.50713193,0.26247618
0.45399013,1.7546785
,0.25640965
0.52394176,0.20518412
,0.49797416
,0.49863383
0.27218464,-0.6875
,0.36106637
,0.35122815
,-0.86887425
0.2241317,-0.71656775
,-0.63878208
0.35955462,-0.62391889
,-0.56339735
0.3480584,1.8731538
0.4390581,1.9276913
,1.7644548
0.3456865,-0.73010063
0.44570172,-0.7609362
,-0.7089048
0.42474174,-0.63176882
,-0.68781757
0.20179257,-0.8186084
0.23824897,-0.80599171
,-1.1064142
,-1.0634398
0.4353883,-0.76151204
0.31748188,1.8219994
0.35287938,-0.94565588
0.55698365,-0.67777526
0.46365416,-0.8363682
0.20445228,-0.81143057
0.6105938,-0.65916705
0.45606256,-0.93260556
0.54587471,-0.99522215
,1.7917528
,-1.2998977
,-1.3846049
0.52382034,1.761171
,-0.94821388
,-0.83624715
,-1.1002878
,-1.1966586
,-1.0346706
,-1.0434753
,-1.2500325
0.71084082,-0.92524576
0.38355058,-0.92882383
,-0.85607171
0.56724203,-0.81225908
,-1.3910123
0.36666891,-0.64868414
,-1.0668144
,-1.0869119
,-0.9595173
,-1.0888693
,-1.5168227
0.59594828,-1.3964379
0.56146467,-0.9218272
0.57325631,-1.2040356
0.6529358,-1.606032
0.53602147,-0.90558678
0.48426008,-1.3467656
0.3908937,-1.1090599
0.60807252,-1.1826681
0.59704924,-0.87248516
0.33745238,-1.3903302
0.39062655,-1.0412915
0.54916263,-0.87340522
0.59008133,-1.1813161
0.66492707,-1.25
0.47975335,-1.4392847
0.46403545,-1.0701554
0.46655011,-0.82321972
0.32681236,-1.0870714
0.4902316,-1.3207477
0.28244397,-1.0534306
0.27712122,-0.89308751
0.49524948,-0.92772955
0.31288156,-1.4375
0.490569,-1.121294
0.47087023,-1.3693941
0.24366592,-1.2815769
0.44241053,-1.0571975
0.49599445,-1.1948334
0.34203607,-1.1977128
0.52778268,-1.067301
0.43266499,-1.4267045
0.39240211,-1.2782687
0.55168414,-1.2089212
0.45241249,-1.4417976
0.29946479,-1.1912779
0.51148993,-1.2545048
0.3404229,-1.2367108
0.34209442,-1.3605504
0.52811825,-1.46735
0.34498894,-1.2547005
0.37109154,-1.3425303
0.56555802,-1.2680938
0.25562251,-1.4401702
0.43610409,-1.5572559
,
,
,
,
,
,
,
,
,
,
,
,
,
,
,
,
,
,
,
,
,
,
,
,
,
,
,
,
,
,
,
,
,
,
,
,
,
,
,
,
,
,
,
,
,
,
,
,
,
,
,
,
,
,
,
,
,
,
,
,
,
,
,
,
,
,
,
,
,
,
,
,
,
,
,
,
,
,
,
,
,
,
,
,
,
,
,
,
,
,
,
,
,
,
,
,
,
,
,
,
,
,
,
,
,
,
,
,
,
,
,
,
,
,
,
,
,
,
,
,
,
,
,
,
,
,
,
,
,
,
,
,
,
,
,
,
,
,
,
,
,
,
,
,
,
,
,
,
,
,
,
,
,
,
,
,
,
,
,
,
,
,
,
,
,
,
,
,
,
,
,
,
,
,
,
,
0.16431837,1.4216868
0.17649484,1.4173017
0.11144035,1.3957971
0.16475919,1.2235873
0.25211594,0.15999997
0.26006079,0.046827223
0.21861014,1.4940684
0.25197417,0.045983661
0.14532778,1.377836
0.20307471,0.3630217
0.14409694,1.4753882
0.12541366,1.2725221
0.10705984,1.17225
0.2436114,0.20253165
0.25463188,0.96994239
0.20373748,0.35682273
0.22766596,1.1127013
0.19081929,1.6376934
0.31373093,-0.15847458
0.23159786,0.82388604
0.25560427,0.36840001
0.25909421,-0.33830619
0.25681248,0.31010455
0.13585939,1.6471698
0.17035832,1.650924
0.29967889,0.3856383
0.15507558,1.0912994
0.31457871,-0.17390874
0.16135241,1.1424065
0.18517442,1.8291873
0.096362427,1.5983971
0.21814837,-0.27306017
0.21321961,1.6542056
0.21804585,0.44536451
0.19735482,0.83506858
0.3523711,-0.2303521
0.20986971,1.748454
0.30024391,0.55092806
0.16247,1.778921
0.29431793,0.15982847
0.20759268,0.95561242
0.2440742,0.96485186
0.21557686,0.41889048
0.16416737,0.63617831
0.20887028,-0.38140035
0.37040144,-0.48381189
0.26752186,-0.30340558
0.26337308,-0.23251291
0.30131534,0.93801087
0.21576551,1.8864093
0.26989868,1.2190917
0.26949552,0.67186844
0.21544026,0.61325252
0.24555828,0.93485856
0.19446655,1.0806738
0.25330108,1.6770802
0.26299319,0.84396827
0.25883409,-0.40109387
0.3458707,0.27988011
0.26606941,0.58883399
0.16604702,0.77925849
0.16502167,1.6956443
0.12143572,0.55373406
0.30522394,0.67530376
0.17664005,1.9102734
0.26395112,0.80471432
0.23648944,0.54093397
0.14479028,1.7561048
0.23246288,0.7324813
0.26748663,-0.42343599
0.3814227,-0.64567417
0.18041115,0.87848604
0.11580476,2.0040526
-0.10226844,0.52051902
0.36538792,-0.47185865
0.15921937,1.8191489
0.31468388,-0.43405738
0.34822351,-0.67342043
0.43005341,-0.43747473
0.15038756,1.8385876
0.4405106,-0.85641026
0.32677242,0.82236648
0.29346836,-0.80194449
0.30960426,-0.57164139
0.32777748,-0.57264209
0.32092711,-0.5661431
0.04417406,1.9504644
0.35542107,-0.51280928
0.28529319,-0.66022545
0.37187833,0.74145561
0.38387176,-0.94896221
0.072790876,1.9864326
0.35143539,-0.73881656
0.43759498,-1.0136986
0.23708771,-0.61856139
0.40833277,-0.86938405
0.2648342,1.76196
0.34023416,-0.71474457
,1.7888037
,-1.205055
0.35724014,-1.0765704
0.37767521,-0.76502091
0.33779266,-1.0242273
0.24532996,-0.74517387
0.41179886,-0.85841167
0.44434831,-0.80101043
0.41274863,-1.0421585
0.41027555,-1.0545723
0.29563135,-1.2764308
0.40292305,-0.89717311
0.35498899,-0.94139111
0.46139833,-1.4735408
,-1.3939741
0.40916216,-1.2175932
0.2533865,-0.9050892
0.38605773,-1.2302276
,-1.0097787
0.45200536,-1.1494362
0.46354577,-1.0550759
0.23206194,-0.95268506
0.47701353,-1.3947228
,-1.2314951
0.45781142,-1.3983501
,-1.3267438
0.46045792,-1.1591556
0.39618355,-1.3221711
0.36123154,-1.4634738
,-1.2096672
0.35484716,-1.4872993
0.53857476,-1.4758842
,-0.96035618
0.33013859,-1.3064688
,-1.3364055
,-1.442275
0.38546041,-1.5828694
0.30721003,-1.3245224
,-1.5615063
0.47278225,-1.5781059
,-1.3157818
,-1.5694227
0.57067722,-1.3488933
,-1.1006072
0.21541747,1.037652
0.16749905,0.83561367
0.20735656,0.81909996
0.34786811,1.2803359
0.40002137,1.3856008
,1.379105
0.097066775,-0.018488606
0.06474039,-0.13498861
0.10676653,-0.17188579
0.28930375,1.1724571
0.23685944,1.0286455
0.15246177,0.63344127
0.048044637,-0.32788724
0.32766765,1.1689543
0.25088942,0.72738951
,1.3575934
,1.6184604
0.059690587,0.01306271
0.25062782,0.67371011
,1.5443109
0.21151276,0.50320238
0.003453952,-0.10870305
0.29230455,0.78129834
0.22598618,1.1166049
0.51705319,1.4873058
0.32474878,0.66665387
0.24636945,0.76813787
0.45004031,1.2808579
0.0443074,-0.19733027
0.27608299,1.6132482
-0.018491626,-0.40994668
0.10058408,0.13735987
,1.3578566
0.3209095,0.79686165
0.47139406,1.6147205
0.31708238,0.96730328
0.29739946,1.0042851
-0.03395202,-0.3595852
0.49845362,1.4754115
0.33932841,0.54891652
-0.059026867,0.25625139
0.00098619668,-0.012972692
0.25257951,0.60784668
0.058667548,-0.20098469
0.11162128,0.56950527
0.2638123,1.0181855
,1.191548
-0.047493339,-0.61719954
,1.3167194
0.061719369,-0.31979299
,1.1389884
0.37060949,0.75862485
0.35597172,0.53067434
0.041264206,0.24479786
0.54077166,1.4142128
0.39430079,1.4823365
0.33101016,1.0023857
,0.30129516
0.016104363,-0.10115872
0.3476643,1.4178277
0.069369771,-0.10132501
-0.02042743,-0.43241182
0.51755589,1.7079734
0.20580916,0.67043442
0.25876635,0.6450876
-0.10703791,-0.10743392
0.26136148,1.8545352
,1.655284
0.07782311,0.11588727
-0.01015738,-0.56887847
0.51131999,1.6197836
0.32885224,0.37569723
0.15090063,0.2994768
-0.049109977,-0.29950368
-0.11808198,0.14790501
,1.776867
0.014027727,0.087816752
0.39670974,1.7659019
0.19480015,0.56141406
0.046199661,-0.75273031
-0.056249034,-0.30634031
0.10117395,-0.50124234
0.14461544,0.020306362
,-0.45452696
0.026164131,-0.50456214
,0.35857141
0.22513425,0.44262886
-0.046828546,-0.35217774
0.13764299,0.43841067
-0.022724822,0.24189927
,-0.66387284
0.0072061685,-0.32547194
0.050787143,-0.67494917
,0.43164018
-0.070138626,-0.79598099
0.10056856,-0.62321752
0.050947461,-0.8989833
-0.45868647,-0.69508028
,0.33710968
0.046655845,-0.45116594
,1.819911
0.36828628,1.6805671
,1.7817982
-0.11936418,-0.91271466
0.41799012,1.6259123
,-0.7537722
-0.0082483981,-0.94103485
,-0.59621936
,-0.91043168
,-0.86428756
-0.1124849,-0.85140419
,-0.7819047
,-0.81772894
,-0.94324267
,-0.964109
-0.22525978,-0.83071887
,-0.85478842
,
,
,
,
,
,
,
,
,
,
,
,
,
,
,
,
,
,
,
,
,
,
,
,
,
,
,
,
,
,
,
,
,
,
,
,
,
,
,
,
,
,
,
,
,
,
,
,
,
,
,
,
,
,
,
,
,
,
,
,
,
,
,
,
,
,
,
,
,
,
,
,
,
,
,
,
,
,
,
,
,
,
,
,
,
,
,
,
,
,
,
,
,
,
,
,
,
,
,
,
,
,
,
,
,
,
,
,
,
,
,
,
,
,
,
,
,
,
,
,
,
,
,
,
,
,
,
,
,
,
,
,
,
,
,
,
,
,
,
,
,
,
,
,
,
,
,
,
,
,
,
,
,
,
,
,
,
,
,
,
,
,
,
,
,
,
,
,
,
,
,
,
,
,
,
,
,
,
,
,
,
,
,
,
,
,
,
,
,
,
,
,
,
,
,
,
,
,
,
,
,
,
,
,
,
,
,
,
,
,
,
,
,
,
,
,
,
,
,
,
,
,
,
,
,
,
,
,
,
,
,
,
,
,
,
,
,
,
,
,
,
,
,
,
,
,
,
,
,
,
,
,
,
,
,
,
,
,
,
,
,
,
,
,
,
,
,
,
,
,
,
,
,
,
,
,
,
,
,
,
,
,
,
,
,
,
,
,
,
,
,
,
,
,
,
,
,
,
,
,
,
,
,
,
,
,
,
,
,
,
,
,
,
,
,
,
,
,
,
,
,
,
,
,
,
,
,
,
,
,
,
,
,
,
,
,
,
,
,
,
,
,
,
,
,
,
,
,
,
,
,
,
,
,
,
,
,
,
,
,
,
,
,
,
,
,
,
,
,
,
,
,
,
,
,
,
,
,
,
,
,
,
,
,
,
,
,
,
,
,
,
,
,
,
,
,
,
,
,
,
,
,
,
,
,
,
,
,
,
,
,
,
,
,
,
,
,
,
,
,
,
,
,
,
,
,
,
,
,
,
,
,
,
,
,
,
,
,
,
,
,
,
,
,
,
,
,
,
,
,
,
,
,
,
,
,
,
,
,
,
,
,
,
,
,
,
,
,
,
,
,
,
,
,
,
,
,
,
,
,
,
,
,
,
,
,
,
,
,
,
,
,
,
,
,
,
,
,
,
,
,
,
,
,
,
,
,
,
,
,
,
,
,
,
,
,
,
,
,
,
,
,
,
,
,
,
,
,
,
,
,
,
,
,
,
,
,
,
,
,
,
,
,
,
,
,
,
,
,
,
,
,
,
,
,
,
,
,
,
,
,
,
,
,
,
,
,
,
,
,
