-0.48472774,-0.20101137
-0.34765953,0
-0.41459125,0.9006536
-0.31782055,-0.20730117
-0.48823023,1.2771084
-0.47263771,0.86885244
-0.38956699,1.282258
-0.47250998,0.99197859
-0.52963573,-0.40202275
-0.49816775,0.7601043
-0.3904188,-0.13766234
-0.40919653,1.268617
-0.41984025,1.1070496
-0.35255742,-0.34505209
-0.56624192,-0.33375314
-0.46259034,1.487968
-0.3979263,1.482024
-0.41036505,-0.13468869
-0.41452172,0.69190603
-0.44557351,0.63515311
-0.30026469,1.5484728
-0.51324511,0.67430025
-0.30197075,0.20730117
-0.43100196,1.3417722
-0.30572441,1.4039735
-0.46814021,1.0114504
-0.39528206,0.20676203
-0.26415765,0.071621619
-0.51560974,0.67515922
-0.39464206,0.068387099
-0.47697005,1.3366961
-0.44528401,1.5410873
-0.2643179,0.27748692
-0.43297428,-0.33715013
-0.45862418,-0.53603035
-0.44389498,0.6037975
-0.24725656,0.21171771
-0.43956429,-0.53400505
-0.54118842,0.61948049
-0.42910656,1.7005347
-0.46383521,0.53400505
-0.27263251,0.20177665
-0.53699714,-0.70198673
-0.53843409,-0.40979382
-0.31412205,-0.34595302
-0.36638546,0.53603035
-0.48007217,1.6121674
-0.32100579,1.6145695
-0.51574123,0.42343542
-0.44619685,-0.35192564
-0.46338418,0.61311054
-0.42767584,-0.66834807
-0.37517473,0.55424839
-0.26585239,0.28005284
-0.27667055,0.34868422
-0.6386916,-0.91258276
-0.54506361,0.54081631
-0.28863233,0.27821523
-0.22848804,0.34505209
-0.45190662,-0.47381866
-0.42448395,-0.73704171
-0.63929188,0.40050378
-0.45369735,-0.71524966
-0.58813,0.53875476
-0.61168921,1.5708762
-0.53781879,-0.84687084
-0.38357344,-0.53875476
-0.51539814,1.7420986
-0.39637226,0.40874037
-0.25006965,-0.35762483
-0.46593359,-0.61469072
-0.32288072,-0.41191709
-0.52769363,-0.78571427
-0.34229687,-0.86885244
-0.3500078,-0.5
-0.34841785,1.7526455
-0.41259095,-0.60687023
-0.47295529,-0.69828725
-0.43845099,1.7666667
-0.37526625,1.7596282
-0.63335967,-0.98018491
-0.54966199,-0.85026735
-0.4945049,-0.61707634
-0.64804906,0.48181817
-0.47646829,-0.93108106
-0.32457846,-0.75032175
,-0.7407878
-0.29546064,-0.81643134
-0.60482365,-1.0571809
-0.59879816,1.7074742
-0.51618546,-1.0025221
-0.63214439,1.6307693
-0.44627562,-1.1231788
-0.55613148,-0.99865413
,-1.0192307
-0.3014257,-1.0743244
-0.67943567,-0.99197859
,-0.83246076
-0.48606884,-0.68741894
,-1.0153257
-0.41917554,-1.0671141
,-0.90419948
-0.51573193,-1.0392157
,
,
,
,
,
,
,
,
,
,
,
,
,
,
,
,
,
,
,
,
,
,
,
,
,
,
,
,
,
,
,
,
,
,
,
,
,
,
,
,
,
,
,
,
,
,
,
,
,
,
,
,
,
,
,
,
,
,
,
,
,
,
,
,
,
,
,
,
,
,
,
,
,
,
,
,
,
,
,
,
,
,
,
,
,
,
,
,
,
,
,
,
,
,
,
,
,
,
,
,
,
,
,
,
,
,
,
,
,
,
,
,
,
,
,
,
,
,
,
,
,
,
,
,
,
,-0.9138301
,-0.83333331
,1.7121662
,-1.046562
,-0.64711404
,-0.65037704
,1.7474846
,-1.1697512
,-1.5859516
,-1.0465621
,-1.4429859
,-1.0071259
,-0.74863386
,-1.579157
,-1.4474474
,1.9316154
,-1.404387
,1.6923076
,-1.5352113
,1.8260326
,-1.2066116
,-1.0040486
,-1.2064354
,-1.2033899
,1.7347504
,-1.4503497
,-1.1621622
,-1.394569
,-1.6758147
,-1.1683241
,-1.6349891
,-1.6643512
,-1.4328147
,1.9127302
-0.64349073,-0.24133912
-0.60842055,-0.31955299
-0.67850661,0.008105509
-0.7154671,-0.14861462
-0.46737227,1.2479055
-0.38571158,-0.17262504
-0.25783709,0.051259775
-0.60041994,0.16211018
-0.49772701,-0.32500571
-0.40487975,0.72616214
-0.62114745,-0.1617768
-0.52859157,1.0926427
-0.45703065,-0.32909656
-0.57401568,1.3197262
-0.65258878,-0.48011339
-0.49070543,0.49535596
-0.78119308,-0.29581043
-0.63173878,1.2401428
-0.42616746,1.2543712
-0.2198626,0.28326476
-0.26061717,0.53511375
-0.65331095,-0.47463205
-0.54842532,0.79784459
-0.52915359,0.082413554
-0.62192678,-0.39230874
-0.41575611,0.73142725
-0.69142371,-0.44705155
-0.18303479,0.53114289
-0.53925401,-0.40734306
-0.40075967,0.78470379
-0.39936382,0.45297503
-0.59927797,1.159247
-0.42416731,0.95566231
-0.53907442,0.154047
-0.55540508,0.23375165
-0.72729939,-0.60102099
-0.55402321,0.57890767
-0.25245208,-0.27672279
-0.54975361,1.5481522
-0.18179786,0.21039638
-0.44362974,1.4775661
-0.61121303,0.92820829
-0.42261806,-0.61595923
-0.34206557,0.19431865
-0.24628037,-0.2821739
-0.34833422,0.90096927
-0.57472187,0.49402884
-0.39251727,0.38411459
-0.48921895,0.56169903
-0.57342124,1.4672987
-0.42966381,1.3506609
-0.34188193,-0.69416523
-0.30995125,1.1497532
-0.64225388,-0.63385755
-0.39000937,1.4237192
-0.50903541,-0.38547996
-0.50719059,0.42108151
-0.51412129,-0.6228407
-0.37843612,0.52717096
-0.72586358,-0.37964278
-0.2166975,0.20235972
-0.54370594,0.3904511
-0.59680176,0.2444714
-0.37472072,0.17553897
-0.58503652,-0.62834811
-0.7689448,-0.86725038
-0.11558231,0.43969458
-0.43393892,1.7766201
-0.26676899,-0.92326498
-0.52652061,-0.48559672
-0.34565416,-0.85059863
-0.38891318,0.59477437
-0.33220357,0.52054858
-0.28952226,-0.35639757
-0.67167592,-0.94552147
-0.46988964,-0.69968468
-0.59228081,-0.34410593
-0.51127446,1.7047026
-0.82717597,-1.1747668
-0.26298043,-1.0769178
-0.72064012,-0.78621715
-0.71560252,-1.1761694
-0.73411661,-0.7549904
-0.58894497,-0.85475981
-0.48824865,1.5686176
-0.47478402,1.7085203
-0.30670312,-1.0056665
-0.67435938,-0.78068012
-0.60426879,-0.60515589
-0.25927344,-1.2305707
-0.50736022,-0.5638575
-0.67149484,-0.4965694
-0.4278411,1.6430141
-0.4604502,-0.42923817
-0.015293738,1.8412226
-0.74550819,-0.91035211
-0.53100133,-1.1621498
-0.64171106,-1.0182179
-0.55954498,-0.7834484
-0.44265848,1.5941572
-0.48441666,1.5865002
-0.73000073,-0.83614177
-0.64940381,-0.61205
-0.20508827,-1.0629293
-0.5816651,-1.0112437
,-0.65039796
-0.54866415,-1.1649526
-0.73391765,-1.2544582
-0.2571035,-1.3130283
-0.45722893,-0.87141615
0.04639845,1.8386949
-0.4631438,1.6404641
-0.63146287,-1.0908946
,-1.2924736
-0.5623008,-1.2488343
,-1.1286956
,-1.2826087
,-0.82364517
,-0.91452974
-0.42663512,-0.8783617
-0.022818079,-0.96641654
,-1.058732
,1.8121256
,-1.3023448
-0.38363689,-1.1986274
,
,
,
,
,
,
,
,
,
,
,
,
,
,
,
,
,
,
,
,
,
,
,
,
,
,
,
,
,
,
,
,
,
,
,
,
,
,
,
,
,
,
,
,
,
,
,
,
,
,
,
,
,
,
,
,
,
,
,
,
,
,
,
,
,
,
,
,
,
,
,
,
,
,
,
,
,
,
,
,
,
,
,
,
,
,
,
,
,
,
,
,
,
,
,
,
,
,
,
,
,
,
,
,
,
,
,
,
,
,
,
,
,
,
,
,
,
,
,
,
,
,
,
,
,
,
,
,
,
,
,
,
,
,
,
,
,
,
,
,
,
,
,
,
,
,
,
,
,
,
,
,
,
,
,
,
,
,
,
,
,
,
,
,
,
,
,
,
,
,
,
,
,
,
,
,
,
,
,
,
,
,
,
,
,
,
,
,
,
,
,
,
,
,
,
,
,
,
,
,
,
,
,
,
,
,
,
,
,
,
,
,
,
,
,
,
,
,
,
,
,
,
,
,
,
,
,
,
,
,
,
,
,
,
,
,
,
,
,
,
,
,
,
,
,
,
,
,
,
,
,
,
,
,
,
,
,
,
,
,
,
,
,
,
,
,
,
,
,
,
,
,
,
,
,
,
,
,
,
,
,
,
,0.2857143
,-1
,-0.5
,1.5714285
,0.5
,0.42857143
,1.7857143
,-0.9285714
,0.64285713
,1.7142857
,0.5
,1.5714285
,0.64285713
,-0.9285714
,-1
,-0.78571427
,1.5714285
,-0.85714287
,-0.71428573
,-0.85714287
,1.7857143
,-0.78571427
,-0.78571427
,-0.78571427
,-1.0714285
,-1
,-0.9285714
,1.5714285
,1.7857143
,1.7857143
,1.7857143
,-1.0714285
,1.9285715
,1.8571428
-0.57973146,-0.55974746
-0.69024813,0.76188827
-0.05255824,-0.5360657
-0.56944621,0.093413867
,-1.0907137
-0.60010946,-0.11519094
-0.67846048,0.84525371
-0.67839491,-0.33325383
-0.71524358,1.1100117
-0.70365936,-0.66255593
-0.76369023,1.1987281
-0.72414458,-0.37827227
-0.6710068,0.66590136
-0.54320955,0.0017477173
-0.71407491,0.59484953
-0.60747695,-0.0275378
-0.4666355,0.15762685
-0.63487101,0.94150281
,-0.43255424
-0.61503816,0.021317316
,-0.65096766
-0.70918691,0.050969161
-0.61254501,-0.010140119
-0.52173024,0.93687373
-0.70567989,1.0621775
-0.76318723,-0.17290655
-0.44771951,0.73642308
,0.36063004
-0.68976247,0.82429785
-0.45832253,0.54888111
-0.61448026,0.70214504
-0.44986701,0.17609158
-0.5096845,-0.01073293
-0.56562203,0.15866393
-0.80609024,1.2809011
-0.62100053,-0.80414522
-0.62713665,0.048795193
-0.62937135,1.0773942
,-1.1671813
-0.62085509,-0.2841154
,-1.1134878
-0.55403286,0.52213532
-0.69554162,0.58998924
,-0.87467861
-0.77658862,1.1540399
-0.51578712,0.82826596
-0.80448407,1.3427734
-0.26974499,-0.98889685
-0.74645096,-0.16781282
-0.59560359,0.4954955
-0.78799593,-0.27223104
-0.5092814,0.57543284
-0.51147085,0.83647382
-0.76887614,1.4138246
-0.10021588,-1.0377358
-0.59519118,-0.16495125
-0.60119832,-0.073372431
-0.68273711,0.70785069
-0.54794824,0.19059075
-0.7452445,1.322317
,0.26858711
,-0.69326901
-0.76446092,1.4529639
-0.64002913,-0.045234639
-0.70149362,-0.36141372
-0.55496109,0.17493232
-0.44448078,0.63991404
-0.6485393,0.17815462
-0.664204,-0.32478136
-0.60894191,0.6379379
-0.67418385,0.87707382
-0.59376556,1.108871
,-0.91946483
-0.748869,1.226907
-0.7407884,0.67763424
-0.52872241,-0.4626911
-0.77711183,1.4661579
-0.57805109,0.54565465
-0.51270264,-0.25957152
-0.47017816,-0.093384571
-0.66443074,-0.10675634
-0.72613782,-0.34989274
-0.67488307,-0.16495006
-0.39616066,0.093678884
-0.57329154,0.031136552
-0.69079602,1.1472316
-0.72134507,-0.30673537
-0.40322611,0.59690273
-0.72460783,1.0752394
-0.63096476,-0.44327998
-0.70096546,0.95369667
-0.50726193,0.70098811
-0.67929912,0.83048558
,-0.56288511
-0.77613205,1.4751244
-0.47321638,0.88571346
-0.5236603,0.47017965
-0.52656126,0.68801177
-0.47798488,0.89500254
-0.70250404,0.0010478076
-0.75487787,-0.10479045
-0.40562579,0.60413581
,-0.7823171
-0.66615361,0.85539478
-0.71340221,-0.12366631
-0.60484034,-0.85633773
-0.62346095,0.48163569
-0.65128684,0.47107282
,-1.2205526
-0.6842466,-0.30698195
-0.66186035,1.0419606
-0.78872818,1.1348124
-0.51336837,-0.012832817
,-0.75333178
-0.61488843,-0.082056984
-0.69401056,1.401324
,-0.76535857
-0.7995494,-0.31153455
-0.62393761,0.14821556
-0.7410177,1.2220826
-0.4849748,0.98349392
-0.46976289,0.19332168
-0.76007259,1.1870278
-0.73630071,1.8222004
-0.56921703,1.0073644
-0.49013197,-0.79964066
-0.45645338,-0.47440928
-0.8110202,1.6594827
,-1.0309153
-0.42196518,0.51304215
-0.56056333,1.2485968
-0.51711029,0.4520534
-0.74955308,1.3118217
-0.71625912,-0.16423793
-0.56801558,1.138279
-0.50587362,-0.38511002
-0.63112581,1.7380584
-0.23811206,0.32113919
-0.44122225,0.64130747
-0.61014742,-0.11427749
-0.64839405,1.0504876
-0.7909385,1.3698378
,0.35769552
-0.71347392,1.9112324
-0.62062073,0.52563804
-0.80190557,-0.31559318
,-0.91719157
-0.53795946,-1.0215386
-0.79511446,1.1892885
-0.76186764,1.536831
-0.73002255,0.86981916
-0.55515611,0.51863027
-0.65616882,-0.40004143
-0.47554433,-0.70522922
-0.52773267,0.696661
-0.7740314,1.6130223
-0.64604717,1.5081788
,-1.1916015
-0.64740419,1.2562072
,-1.1781485
,-1.04041
-0.55067503,0.13987423
-0.55891043,0.869721
-0.70647657,-0.19903184
,0.19862719
-0.53241783,0.91959667
-0.6017822,0.74016666
-0.71792781,-0.46448907
-0.6097607,1.2893503
-0.73677361,1.8390253
-0.62075901,-0.59076393
-0.60395586,1.8487684
,-1.0196393
-0.5171901,1.9592319
-0.42696682,1.9258702
-0.72454637,1.7540593
-0.55768329,1.7436522
-0.77113205,1.3287154
,-1.1766487
-0.33053222,-0.59587783
-0.50315464,1.1462281
-0.52629977,0.35944277
-0.66273898,-0.42121106
-0.41096729,1.8624218
,-0.5048902
-0.63613546,-0.521869
-0.36643338,-0.4780421
-0.51930368,0.40858766
,0.1351881
-0.45635805,1.6324586
-0.42677435,0.21736462
-0.45060116,1.1664438
-0.78034729,1.4888215
-0.82414138,1.6854906
-0.51285726,-0.19529232
-0.73840702,-0.24764377
-0.67631084,1.6924115
,-0.89182657
-0.40364909,0.38268027
-0.46590781,0.39817107
-0.68100828,-0.36495131
,-1.2426506
-0.73478788,1.7550179
,-0.89809448
-0.5158928,0.94963652
,-0.63295203
,-0.89793348
,-0.72935379
-0.72415984,1.4103509
-0.58393198,1.5616926
-0.49179953,1.8192873
-0.70413911,1.57845
-0.5221718,0.63337922
-0.53354794,1.0587832
,-0.92844886
,-0.59791178
-0.53521222,0.35462886
,-1.1046667
,-1.0057143
-0.78704286,1.7225746
-0.6682294,1.4584669
,0.28562576
-0.56417531,0.98064053
-0.53062677,-0.73347306
-0.75138068,0.054290768
-0.31465545,1.6399083
-0.71536261,1.6025234
,-1.0270579
,-0.6069743
,-1.14762
,-0.88572168
,-0.72081065
-0.5238632,0.24855259
-0.59434372,1.6366177
-0.39413288,0.31582108
,-0.95935726
,-1.1283309
-0.67930549,1.5821376
,-0.94236267
-0.73600131,1.5472554
,-0.79725349
-0.14157709,-1.0283948
,-0.73988444
-0.23628664,1.7716498
-0.55583775,-0.64623684
-0.49441111,1.8336484
,-0.88088393
,-0.61784482
,-1.0971686
-0.40467763,-0.62652779
,-0.94022489
-0.66994715,1.4065487
,-1.059322
,
,
,
,
,
,
,
,
,
,
,
,
,
,
,
,
,
,
,
,
,
,
,
,
,
,
,
,
,
,
,
,
,
,
,
,
,
,
,
,
,
,
,
,
,
,
,
,
,
,
,
,
,
,
,
,
,
,
,
,
,
,
,
,
,
,
,
,
,
,
,
,
,
,
,
,
,
,
,
,
,
,
,
,
,
,
,
,
,
,
,
,
,
,
,
,
,
,
,
,
,
,
,
,
,
,
,
,
,
,
,
,
,
,
,
,
,
,
,
,
,
,
,
,
,
,
,
,
,
,
,
,
,
,
,
,
,
,
,
,
,
,
,
,
,
,
,
,
,
,
,
,
,
,
,
,
,
,
,
,
,
,
,
,
,
,
,
,
,
,
,
,
,
,
,
,
,
,
,
,
,
,
,
,
,
,
,
,
,
,
,
,
,
,
,
,
,
,
,
,
,
,
,
,
,
,
,
,
,
,
,
,
,
,
,
,
,
,
,
,
,
,
,
,
,
,
,
,
,
,
,
,
,
,
,
,
,
,
,
,
,
,
,
,
,
,
,
,
,
,
,
,
,
,
,
,
,
,
,
-0.53807402,-0.11970487
-0.53540796,0.76756811
-0.58169883,-0.26644132
-0.39823738,-0.12381497
-0.62352878,0.67591643
-0.55924249,-0.25185186
-0.56355798,-0.18285269
-0.44668776,0.031384617
-0.38491923,1.0843822
-0.46799606,-0.094444446
-0.48316917,-0.21578172
-0.57923621,-0.33381063
-0.50819868,-0.12737863
-0.52027577,-0.036370102
-0.22670017,0.027782839
-0.49221477,-0.11412228
-0.47741088,-0.1265247
-0.29834247,1.232342
-0.64545,0.61178911
-0.39650205,-0.28580323
-0.49478567,0.031269159
-0.5823732,-0.23302872
-0.67978102,0.79377443
-0.66141081,0.66233766
-0.64919239,0.75906438
-0.35514536,1.3079958
-0.53025824,-0.22607765
-0.42109489,0.81841832
-0.50656819,-0.1075722
-0.5674963,-0.32480389
-0.47147271,0.031500928
-0.35366327,1.1350973
-0.28791285,0.15692307
-0.41122377,0.021294404
-0.54257768,0.94163579
-0.42641157,0.92092156
-0.17938921,0.16211061
-0.44429749,-0.021702169
-0.51330233,-0.39591423
-0.35944551,0.079488777
-0.67971349,0.61303747
-0.46430719,0.70637119
-0.42806819,0.064139418
-0.58792686,0.75076669
-0.53573704,-0.06398996
-0.42451012,1.1644102
-0.58546442,0.83451682
-0.29223275,1.464582
-0.59002155,0.66680294
-0.4401623,0.72809863
-0.60444266,-0.39851949
-0.282318,0.17067555
-0.52470767,-0.26736566
-0.5525741,-0.10910758
-0.36699748,1.2129965
-0.44427758,-0.15967439
-0.29668626,0.064393938
-0.62240267,-0.30312032
-0.14032444,0.14655173
-0.50668514,1.0292201
-0.4087058,0.91773778
-0.5384118,0.06329114
-0.56081563,0.97532386
-0.42116958,0.15809052
-0.56318837,1.1011721
-0.57384121,-0.25637344
-0.41822836,0.89601624
-0.60956007,-0.36642718
-0.62068456,0.89501232
-0.402439,0.76021576
-0.27654222,0.22495274
-0.62950379,0.52719676
-0.61563951,-0.18946858
-0.28162807,0.10331732
-0.59532332,-0.24002968
-0.40425816,0.95401412
-0.36730978,1.090822
,-0.47076923
-0.46354711,-0.26510721
-0.33587906,0.91616768
-0.40732533,1.6108655
-0.54277188,0.60355037
-0.44193265,0.559322
-0.36770898,1.3563828
-0.54018521,0.95108527
-0.13649848,0.28724566
-0.32323185,1.0578252
-0.38892707,0.2192716
-0.40609193,0.85911185
-0.33489901,1.4547753
-0.4491131,0.80340266
-0.46563679,-0.53222835
-0.30270821,1.3068546
-0.33261725,1.0168225
-0.15326151,0.27222341
-0.37746024,0.83239174
-0.36717176,1.2799835
-0.345254,1.319243
-0.37974,0.63326919
-0.32585555,0.57378119
-0.42737433,0.27848098
-0.43821627,0.71347147
-0.36030722,1.2175916
-0.19755085,1.5968051
-0.32059413,0.30616114
-0.36250004,0.99641812
-0.24198501,1.0759493
-0.16806349,0.20885594
-0.28646764,0.5752371
-0.34694836,0.94143856
-0.46009594,-0.39510047
-0.55568564,-0.37197191
-0.33589381,0.23466258
-0.29052535,1.4702114
-0.31181905,0.72169811
-0.33725291,1.5447479
-0.35842186,-0.39974719
-0.60316581,-0.37595317
-0.30084434,1.2032132
-0.37567455,1.3783784
-0.49452454,-0.43669724
-0.36559215,1.3958944
-0.40322721,0.56901908
-0.52504069,0.4909938
-0.74740469,-0.4621875
-0.37360665,0.46990171
-0.31459758,1.415915
-0.39990243,0.64638782
-0.32424551,0.99184442
-0.36161554,0.32015067
,-0.45047319
-0.35480475,0.46875
-0.45628375,1.2086796
-0.41011736,0.2709375
,0.48082966
-0.26682109,1.305442
-0.18183276,0.25065529
-0.34402928,0.32577783
-0.21216261,1.427027
-0.31947103,-0.58172387
-0.36176443,0.42971644
-0.48875567,-0.36507937
-0.26578122,-0.61813879
-0.34859422,1.1507365
-0.31314152,1.771952
-0.22408248,-0.45109257
-0.48270172,-0.38478124
-0.53045195,0.53617811
-0.41921282,1.3326161
-0.27149931,1.5563824
-0.37219462,-0.52411908
-0.37319934,1.5365249
-0.24976122,1.7
-0.263971,1.7260536
-0.12327856,0.34730232
-0.20294033,1.6231699
,0.36025798
-0.43923628,0.47979465
,0.4201521
-0.21586499,1.6267644
,0.39547145
-0.26382968,1.4131383
-0.26369807,1.6027056
-0.22023247,0.40553436
-0.15898873,-0.58870965
-0.16880691,1.4744451
-0.55537999,-0.59375
,-0.65665233
-0.37677309,0.46375683
,-0.78973103
0.059976611,0.38335919
,-0.65364176
-0.025509648,-0.48873109
,0.38283288
-0.14373358,-0.77961785
-0.15744254,-0.90511459
,0.46168768
,-0.91816694
-0.33102864,-0.51944447
,-0.78312999
-0.23857659,1.681915
-0.14203748,1.5588965
,-0.63761723
-0.27795249,-0.69275552
,-0.93851483
,0.37548015
-0.1244285,1.6513076
,-0.62730628
,-0.90172964
,-0.73820013
-0.040642317,1.7350187
-0.23881154,-0.9075188
,-0.81051344
,-0.62309104
,-0.50934279
,-0.88070482
,1.8015701
-0.29498518,1.6187828
-0.17036135,1.8186449
-0.30398375,1.7983612
-0.032796245,1.7845907
-0.015953645,1.8120998
,-0.77344477
-0.091853127,1.8123124
,-0.8252427
,-0.65092534
-0.23756009,1.8054231
0.081237286,1.8095703
,-0.96540469
,-0.76150542
,-0.89562207
,-0.95790154
,-0.78191489
,1.7145476
,-0.90959412
,-0.81880736
,1.7721403
,
,
,
,
,
,
,
,
,
,
,
,
,
,
,
,
,
,
,
,
,
,
,
,
,
,
,
,
,
,
,
,
,
,
,
,
,
,
,
,
,
,
,
,
,
,
,
,
,
,
,
,
,
,
,
,
,
,
,
,
,
,
,
,
,
,
,
,
,
,
,
,
,
,
,
,
,
,
,
,
,
,
,
,
,
,
,
,
,
,
,
,
,
,
,
,
,
,
,
,
,
,
,
,
,
,
,
,
,
,
,
,
,
,
,
,
,
,
,
,
,
,
,
,
,
,
,
,
,
,
,
,
,
,
,
,
,
,
,
,
,
,
,
,
,
,
,
,
,
,
,
,
,
,
,
,
,
,
,
,
,
,
,
,
,
,
,
,
,
,
,
,
,
,
,
,
,
,
,
,
,
,
,
,
,
,
,
,
,
,
,
,
,
,
,
,
,
,
,
,
,
,
,
,
,
,
,
,
,
,
,
,
,
,
,
,
,
,
,
,
,
,
,
,
,
,
,
,
,
,
,
,
,
,
,
,
,
,
,
,
,
,
,
,
,
,
,
,
,
,
,
,
,
,
,
,
,
,
,
,
,
,
,
,
,
,
,
,
,
,
,
,
,
,
,
,
,
,
,
,
,
,
,
,
,
,
,
,
,
,
,
,
,
,
,
,
,
,
,
,
,
,
,
,
,
,
,
,
,
,
,
,
,
,
,
,
,
,
,
,
,
,
,
,
,
,
,
,
,
,
,
,
,
,
,
,
,
,
,
,
,
,
,
,
,
,
,
,
,
,
,
,
,
,
,
,
,
,
-0.39111048,-0.031042965
-0.43229735,-0.2279748
-0.46789494,0.039862376
-0.42194805,0.88706291
-0.4818801,0.73635828
-0.49563015,-0.06719368
-0.4502759,-0.083531514
-0.45851091,-0.40886348
-0.29509926,0.16129778
-0.41866753,0.016478721
-0.42326537,-0.24085109
-0.41782546,0.18942101
-0.37287152,0.85176152
-0.40903261,0.53381294
-0.34328622,0.7052108
-0.34441501,0.15991317
-0.42986283,-0.35000005
-0.48581338,-0.2008664
-0.44122708,0.64443183
-0.45784172,-0.19601329
-0.49670681,-0.56325948
-0.43925062,1.0396767
-0.48124298,0.64884394
-0.40884992,-0.15287839
-0.26341265,0.20387532
-0.60741085,1.3660774
-0.45114318,0.80935556
-0.41002253,-0.3964172
-0.64282668,1.2364963
-0.60282421,0.94833761
-0.64009601,0.94214284
-0.40487376,0.15687732
-0.38396388,0.7687366
-0.33460537,0.33126926
-0.42630115,0.80855924
-0.46251616,-0.4421365
-0.48399961,1.1510912
-0.23815741,0.16747274
-0.49024338,-0.35558182
-0.33734044,0.64302069
-0.35483873,-0.29583803
-0.34953845,0.60898626
-0.4997578,1
-0.096570283,0.41473988
-0.51668066,1.5265254
-0.42880601,-0.57906139
-0.4652577,0.90559435
-0.11579041,0.38636374
-0.60263062,1.2775331
-0.16289257,0.39486888
-0.25439352,0.67654985
-0.51435506,1.1239597
-0.41409096,-0.63400578
-0.72021067,1.1574343
-0.54297036,1.2913455
-0.5098834,-0.71765548
,0.59897166
-0.3970201,-0.25427878
-0.53982216,-0.81038213
-0.58181518,1.3204086
-0.52737182,-0.54704869
-0.2328282,0.47947162
-0.33779001,-0.4097524
-0.55623388,1.233482
-0.36112872,1.0796754
-0.18607152,0.3297002
-0.4447647,1.0819672
-0.64005506,1.5567853
-0.4943482,-0.41965607
-0.27687374,0.41893831
-0.21959263,0.33430022
-0.55392104,1.54
-0.31696916,0.89947248
-0.44127747,-0.96611392
-0.52643549,1.5223935
-0.30359587,0.70033294
-0.40179756,-0.35581061
-0.41040137,-0.58226895
-0.65813267,1.6425887
-0.46824127,-0.6179775
-0.47604898,-0.86428565
-0.46148229,-0.69573516
-0.54129004,-0.42877853
-0.5754813,1.4008908
-0.4041006,-0.49731666
-0.64241987,1.5311476
,-1.0800728
-0.18341906,0.42770627
-0.73730081,1.7709695
-0.49132881,-0.41454726
-0.36753958,0.52577317
-0.19275193,0.40484938
-0.59472489,1.4565216
-0.62753987,-1.000286
-0.65373927,1.7719389
-0.34231707,-0.74455297
-0.51780343,-0.80854791
-0.45194769,-1.1356813
-0.44199193,-0.77313435
-0.48918062,-1.1646663
-0.34205917,-0.60655743
-0.51377398,1.862119
-0.64338231,1.6004448
-0.37050769,-0.6109128
-0.57187128,1.4432836
-0.49831113,1.5487804
-0.38360143,1.7926929
,-0.80988449
-0.43298939,1.7627392
-0.47233498,1.5346534
-0.49404258,-0.82202446
-0.56941611,1.7568182
-0.36903548,-0.7245785
,-1.3113636
-0.67581171,1.5219331
-0.48463836,-1.31136
,-1.1896342
,-0.99025291
-0.27191901,1.310702
,-1.3773584
-0.40631789,-0.96039611
-0.67244238,1.8163265
-0.42302415,-1.1593831
-0.60311306,-1.2516176
-0.39658549,1.0608108
,1.8689291
-0.5308156,-0.79563111
-0.52359784,-1.0496054
-0.55297291,1.5250561
-0.41670617,-1.0023924
,-1.209892
-0.56716192,1.7096773
-0.43540418,-0.72361261
-0.24296537,-1.2911118
-0.33184591,-1.3079973
-0.55375421,-1.2064517
,-1.3916842
-0.35301614,-1.3098115
-0.43418321,-1.1303191
-0.27011698,-1.3442183
-0.48477665,-1.2513795
-0.42891598,-0.94086951
-0.34469727,-0.97938144
-0.29768649,1.222973
-0.53033847,1.6912651
,-1.3525366
-0.33260545,1.8722949
-0.31113476,-1.0058267
,1.8361541
-0.44448933,1.8365736
-0.083668567,1.7474048
-0.32083851,1.0889236
-0.46598491,-0.056244221
-0.26897669,1.0855747
-0.220054,1.0069681
-0.36710608,1.4004515
-0.40596515,-0.094091013
-0.33387265,0.010807487
-0.23991837,1.0675089
-0.25439131,1.2614079
-0.22304693,0.97361732
-0.28523237,0.85003752
-0.2484978,0.89759719
-0.51590258,0.26999468
-0.45856261,-0.010575376
-0.47072381,0.049804509
-0.46033639,-0.19672135
-0.61838847,1.5019715
-0.34454453,-0.10777381
-0.35582235,1.2113558
-0.28744468,0.84730184
-0.45083094,-0.22874251
-0.44842675,-0.18611181
-0.54599088,1.413343
-0.5395487,1.3536429
-0.375806,-0.032444265
-0.55583221,1.340783
-0.18767384,0.82847214
-0.23007423,1.2396972
-0.32269415,-0.15618661
-0.36300257,1.5846152
-0.50199449,0.036492858
-0.2562041,1.2153846
-0.29868659,0.73931205
-0.29642802,1.4675325
-0.44542277,-0.15513627
-0.48061135,0.16058905
-0.17987972,0.75866055
-0.23700771,0.89572388
-0.48246539,-0.0014054814
-0.18875106,0.83939892
-0.51799375,1.0823359
-0.18038838,0.93834513
-0.51324469,1.0930527
-0.30483568,1.0319419
-0.22085471,0.82471341
-0.23136631,0.75754505
-0.4801183,-0.36794147
-0.49662045,0.21016163
-0.35469982,-0.25937858
-0.45703748,-0.24877493
-0.22625248,1.4222223
-0.34519207,0.17083897
-0.24068598,0.074930936
-0.47604859,-0.34037074
-0.19102952,0.67505407
-0.44859341,-0.11725234
-0.42366278,-0.2028136
-0.42957756,-0.33614016
-0.54935181,1.5277778
-0.54261327,1.525507
-0.41159406,1.1272839
-0.34216431,0.8649928
-0.39707085,0.052676119
-0.46985999,0.23732394
-0.42099109,-0.29325014
-0.51201016,1.3311547
-0.35382205,0.16352202
-0.26729351,1.0962838
-0.25572339,0.18114483
-0.57144296,1.2880867
-0.39130041,-0.38145417
-0.33379161,-0.50459576
-0.36163732,0.758645
-0.21457414,0.7855677
-0.27872288,-0.30828083
-0.13676211,0.64981836
-0.50346226,-0.54580158
-0.30059859,0.5206365
-0.39482489,-0.4364
-0.22131327,1.2802511
-0.44978172,-0.30659026
-0.10913847,0.66823721
-0.45506868,0.11471938
-0.41466659,1.142246
-0.38639644,-0.46513531
-0.45553651,0.10492505
-0.25428298,1.0777626
-0.51273674,0.31736514
-0.34390426,0.20681858
-0.22505544,0.26530609
-0.59982812,0.22140008
-0.41744757,1.7363887
-0.20137614,0.68758565
-0.39996609,1.6505363
-0.21917818,1.5676986
-0.30767667,-0.39942431
-0.5327329,1.2290471
-0.45487648,0.19320594
-0.52274448,-0.29775882
-0.23770481,0.1761872
-0.35379341,1.4753301
-0.2955004,1.6584837
-0.12729849,0.5836522
-0.21318994,0.60872197
-0.39559621,1.1918117
-0.56406242,0.18367347
-0.58711553,0.39697054
-0.36940673,-0.55144256
-0.054120969,0.63498485
-0.42105544,-0.45738637
-0.44721845,1.5801017
-0.30696717,-0.35639188
-0.33772114,-0.13151364
-0.47053948,1.6901709
-0.48050582,1.6657927
-0.28268847,1.73822
-0.48741791,1.8597969
-0.37795031,1.653125
-0.37157428,-0.59631145
-0.15210922,0.73535717
-0.58126438,0.39746299
-0.15688011,1.7216573
-0.52215487,1.8189656
-0.15455349,0.63267034
-0.29817468,0.71232879
-0.27914327,1.7967329
-0.24413799,0.27648285
-0.54852462,0.35288551
-0.49508259,1.6567737
-0.33567959,1.9384645
-0.32516506,-0.59524524
-0.19735388,0.30862534
-0.24398519,0.46263966
-0.35546771,-0.74240655
-0.16763201,0.639494
-0.48845038,1.7384454
-0.1481688,0.61080766
-0.47723848,-0.59173775
-0.33868155,-0.48131007
-0.2504743,1.6927751
-0.46789473,0.33510074
-0.32116622,0.42346594
-0.40674379,-0.6512354
-0.438768,-0.59708601
,-1.1555028
-0.16566668,-0.73427993
-0.21323571,-0.53794265
-0.38334486,-0.82845187
-0.42571917,1.831081
0.12955196,0.52970296
-0.446374,1.9013637
-0.58494288,0.52841729
-0.53945404,2.011009
-0.27599338,1.9556754
-0.46266001,-0.85581386
-0.057430223,0.4143835
-0.58081216,0.33984798
0.0094461925,0.58680683
-0.36257902,-0.69972259
-0.17833579,1.9691498
-0.55745029,0.44078487
-0.40991908,-0.4922494
-0.33181402,0.4479914
-0.39803097,-0.52065408
-0.11271653,1.6783407
-0.41105342,-0.85284865
,-1.2075186
-0.43137145,-0.65050507
,-1.1869388
-0.36403844,-0.75753331
-0.25156054,-0.76142037
-0.54224235,-0.86623019
-0.37551582,-0.75905997
-0.45242164,-1.0125436
,0.4606286
-0.010298938,1.7530488
,-0.97938144
,-1.017349
-0.50389445,-0.62508911
-0.41068614,-0.77883309
-0.25819799,-0.54758072
-0.39606979,2.0205026
-0.30382183,-0.7059859
-0.41198474,-0.71181053
-0.40705487,-1.304368
,1.9715909
,-1.3471159
,-1.3572881
-0.093776166,-0.76863408
-0.38870159,-1.1155462
,0.60779822
-0.44714206,-1.1273108
-0.1736725,1.8870095
-0.58770841,-0.70877945
-0.0046404442,-0.92541379
0.024027938,-0.91403627
,-1.2915055
-0.12769094,-1.3677652
-0.35932958,-1.1314837
-0.3704457,-0.73793101
-0.20621502,-0.98375869
,-1.0322024
-0.30035871,-0.9200539
-0.37557411,-1.3492408
-0.26604965,-1.2943647
,-1.3784173
,-1.231681
-0.30915096,-1.0284698
,-1.3707422
,-1.1559243
-0.35779616,-1.0334088
,-1.3839675
-0.17863432,-1.2012196
-0.3305116,-0.90937942
0.043996215,-0.86314654
-0.18163569,-1.0225179
,-1.017699
,-0.91695267
-0.34750423,-1.1201022
,-0.88971585
-0.2072653,-0.89382446
,-1.2317461
-0.031716242,-1.0288785
,-1.1232091
,-1.4791372
,-1.0915638
,-1.1060083
,-1.2605128
-0.69487357,-0.22232175
-0.73998523,-0.26064673
-0.61872488,0.0058468091
-0.56975788,-0.39665607
-0.41012424,-0.13339517
-0.69285154,-0.43964589
-0.65573484,-0.13894171
-0.58585531,-0.52644682
-0.480845,-0.33266819
-0.71867085,-0.14573343
-0.69429928,-0.6167441
-0.54022712,0.8899346
-0.50745994,-0.5401535
-0.67009866,-0.5572831
-0.64479584,-0.73173797
-0.35206893,0.095158406
-0.6176852,-0.83426231
-0.6013748,-0.74818832
-0.56944269,1.0070792
-0.62069792,0.65298039
-0.62512225,0.054277331
-0.68847895,-0.60581124
-0.57264805,0.82020205
-0.73833013,-0.71653175
-0.66333956,0.71723658
-0.35636815,0.8348816
-0.63851488,0.0044997246
-0.7284801,-0.91581893
-0.67446792,0.60499626
-0.4725447,1.5763013
-0.19661111,0.85157079
-0.51249886,-0.70754105
-0.65396833,0.095480442
-0.64189601,-1.0090364
-0.52036667,1.2815682
-0.46635967,0.99715281
-0.42993188,0.86775637
-0.52364099,1.3834367
-0.57008004,0.15890555
-0.55700612,0.96167332
-0.50505638,-0.94894224
-0.51404923,1.4343221
-0.62222093,0.24952863
-0.72750872,-0.98026049
-0.53403264,-0.90301174
-0.56497693,-1.2246853
-0.5454132,1.1663179
-0.34021655,0.82884949
-0.66417205,0.46032104
-0.60084152,-0.75639129
-0.63236386,-1.0982949
-0.55351955,1.2540555
-0.59707683,0.55174732
-0.51647401,-0.85032964
-0.34224138,0.60363144
-0.71127868,-1.1988471
,-0.96059358
-0.66087705,0.2118344
-0.43477347,1.2442622
-0.67468727,0.48998535
-0.4002741,1.1770365
-0.49556959,1.7276012
-0.50874168,-1.1102483
-0.5752964,1.1613379
-0.24757528,0.24914908
-0.52601629,1.4906757
-0.21900272,-1.1176879
-0.60130465,0.17415415
-0.44893268,1.2179252
-0.48123196,0.29195443
-0.18254578,0.63327307
-0.53664833,0.34068623
-0.22422932,1.172648
-0.55722916,0.60882664
-0.50861585,2.0112934
-0.40235427,1.4297236
-0.48205712,1.8519139
-0.24363518,0.31424171
-0.41459939,1.8363984
,0.39551744
,-1.1854733
-0.14536145,1.3923126
-0.45291024,1.0599244
-0.52102304,1.5364194
-0.38723427,0.74334538
-0.31255057,0.5873943
-0.16531026,0.50070125
-0.59678131,1.4302417
-0.52803683,0.25061285
-0.2672832,0.71721727
-0.060966574,0.39641386
-0.68217385,0.4261435
-0.58695102,1.3107362
-0.45195192,1.8811793
-0.41697708,0.41985893
-0.18136677,1.426486
-0.48077071,0.58373618
-0.20910938,1.6424079
-0.48914889,1.2824703
-0.26037526,0.60396039
-0.3148995,0.41504604
-0.45188895,1.6774987
-0.64320534,1.2511685
-0.21389785,2.0061419
-0.48583516,0.28206292
0.023608668,1.8882236
0.034458358,2.1889844
,1.7433428
-0.44889864,1.9443107
-0.52368975,2.1647153
-0.42984813,2.091033
-0.42176214,2.1941924
-0.49680445,1.5597358
,1.9428717
-0.5358091,1.7703828
-0.019760724,1.9603783
-0.28554565,1.6946366
0.10988521,1.1630354
-0.24874184,1.8478979
-0.26668584,1.9275472
0.0051791491,2.1551545
,2.2201567
-0.50397211,2.1630323
0.062508628,1.576197
-0.39529815,2.1067307
0.0015071108,2.1137242
,2.0761662
,2.1365619
0.11205802,2.1016166
-0.35716724,1.6197138
,
,
,
,
,
,
,
,
,
,
,
,
,
,
,
,
,
,
,
,
,
,
,
,
,
,
,
,
,
,
,
,
,
,
,
,
,
,
,
,
,
,
,
,
,
,
,
,
,
,
,
,
,
,
,
,
,
,
,
,
,
,
,
,
,
,
,
,
,
,
,
,
,
,
,
,
,
,
,
,
,
,
,
,
,
,
,
,
,
,
,
,
,
,
,
,
,
,
,
,
,
,
,
,
,
,
,
,
,
,
,
,
,
,
,
,
,
,
,
,
,
,
,
,
,
,
,
,
,
,
,
,
,
,
,
,
,
,
,
,
,
,
,
,
,
,
,
,
,
,
,
,
,
,
,
,
,
,
,
,
,
,
,
,
,
,
,
,
,
,
,
,
,
,
,
,
,
,
,
,
,
,
,
,
,
,
,
,
,
,
,
,
,
,
,
,
,
,
,
,
,
,
,
,
,
,
,
,
,
,
,
,
,
,
,
,
,
,
,
,
,
,
,
,
,
,
,
,
,
,
,
,
,
,
,
,
,
,
,
,
,
,
,
,
,
,
,
,
,
,
,
,
,
,
,
,
,
,
,
,
,
,
,
,
,
,
,
,
,
,
,
,
,
,
,
,
,
,
,
,
,
,
,
,
,
,
,
,
,
,
,
,
,
,
,
,
,
,
,
,
-0.22257179,1.287284
-0.61537266,-0.31909278
-0.24599959,1.3497372
-0.46849099,1.4354919
-0.23873876,1.0502353
-0.23220143,1.0599508
-0.26796818,1.3600204
-0.19635381,0.86147606
-0.26295176,1.3152455
-0.36441717,1.4683301
-0.27790713,1.5695332
-0.44741225,-0.41953728
-0.28486001,1.1372108
-0.21216741,0.93435222
-0.20422727,0.68360996
-0.18863437,1.2162423
-0.16372658,0.7626459
-0.22102083,0.68441474
-0.2958132,1.2331705
-0.21663958,1
-0.31202379,1.1691915
-0.26223639,1.0391527
-0.61855817,-0.25466645
-0.12055787,0.87151879
-0.41544163,0.077753827
-0.26328799,1.4714065
-0.26321232,-0.16847658
-0.17520955,0.65945143
-0.18564568,0.63926661
-0.32294968,-0.25230804
-0.26640674,-0.28134072
-0.092588663,0.73805088
-0.20813526,1.5578053
-0.30309585,-0.32743964
-0.2697269,-0.21363717
-0.48187974,-0.6293487
-0.15672068,0.69548434
-0.30350688,-0.065329887
-0.20730336,0.91255176
-0.28036559,-0.017012589
-0.46140265,-0.38063118
-0.14019768,0.53494281
-0.17507346,0.5541417
-0.37652856,-0.073663622
-0.15358014,1.1813676
-0.094771512,0.6236679
-0.31866819,-0.14795588
-0.1420415,0.625
-0.092479452,0.48573282
-0.31969753,-0.38174552
-0.36845157,1.7015975
-0.12217799,1
-0.1702555,1.2964042
-0.38204145,0.075998925
-0.19482873,-0.50093603
-0.11749601,0.6472289
-0.25859118,1.6424352
-0.083220795,-0.50252128
-0.39764002,-0.78938693
-0.33136722,-0.038881749
-0.41562095,-0.52059829
-0.043748703,1.1326531
-0.1835479,1.1163383
-0.46601093,0.096587248
-0.28528419,-0.44073668
-0.027810881,1
-0.36212692,1.5271987
-0.40516824,0.080602884
-0.15636005,0.56278658
-0.38246796,-0.079999998
0.0008719347,0.89709854
-0.22437066,0.53637362
-0.29952124,-0.64474922
-0.16744898,1.5126051
-0.21129574,0.75452715
-0.30843547,-0.42841941
-0.13056773,0.12366533
-0.075967617,0.91795564
-0.10346758,0.39698243
-0.3354291,-0.70048624
-0.078831896,1.3421313
-0.3147513,0.26356369
-0.30213341,-0.77096772
-0.40412632,0.2609047
-0.40619221,-0.87252867
0.26128551,0.34792557
-0.08754617,1.3672241
,0.42932472
,-0.56387216
,0.4472492
-0.10186883,0.084833607
-0.33542112,-0.3384963
-0.2115366,1.6756825
-0.22159339,0.10636943
-0.41377762,-0.59738135
-0.45526791,-0.88659793
,-0.5582425
-0.38203871,-1.0412606
,-0.68061227
-0.25837749,0.10294118
-0.28431091,-0.94224852
-0.10878716,0.60496497
,0.051386073
-0.020347936,0.27173626
-0.10973578,1.5191922
-0.13807972,1.7567916
,-0.7920233
-0.028489625,-0.087128714
0.11432929,0.45080385
-0.46641639,-0.65085751
,0.27504244
,-0.74169987
-0.16600841,1.7513103
-0.15936436,0.46775919
-0.36225075,-0.78436452
-0.37824175,0.23102656
-0.23293763,0.10918889
,-0.27944916
-0.16306673,-1.2696563
,1.6287597
-0.46592152,-1.2607282
-0.024930527,1
-0.4795565,-1.0784718
0.012051496,0.48670483
-0.29319012,-0.83981234
,0.28271979
,-0.9957093
,-0.91405183
0.0090990951,1.6141604
-0.2619819,0.23548813
-0.027012603,0.55415285
,-1.1434647
,-1.3169
0.027118491,1.7243006
,0.40000001
-0.255016,0.20443431
,1.7220314
-0.17200026,0.28457633
,-1.1281003
,-1.4931433
,0.35615703
-0.27148727,-1.1029865
,1.4935941
,-1.3563752
,-1.3408265
-0.48120108,-1.4026693
-0.043980189,-1.016529
-0.40583086,-1.1743357
-0.19656798,0.19151756
,0.18774967
,-0.64388835
-0.068165831,0.46742779
,-0.84789538
,-1.2523307
-0.17654648,-0.81405228
,0.5168317
,-1.0931373
-0.29278034,-1.2920238
,-1
,-0.95603305
-0.094860971,-0.91203237
-0.37864047,-0.5734787
,-0.78385252
-0.31133801,1.7167355
0.018392155,1.7118315
,-1.4470836
-0.1925559,1.8129083
0.042309109,-1.2689744
-0.10727285,-1.199241
0.13088946,-0.9111253
,0.29637936
,-1.281496
,-1.1848418
,1.908291
,1.7060186
,1.8198925
,
,
,
,
,
,
,
,
,
,
,
,
,
,
,
,
,
,
,
,
,
,
,
,
,
,
,
,
,
,
,
,
,
,
,
,
,
,
,
,
,
,
,
,
,
,
,
,
,
,
,
,
,
,
,
,
,
,
,
,
,
,
,
,
,
,
,
,
,
,
,
,
,
,
,
,
,
,
,
,
,
,
,
,
,
,
,
,
,
,
,
,
,
,
,
,
,
,
,
,
,
,
,
,
,
,
,
,
,
,
,
,
,
,
,
,
,
,
,
,
,
,
,
,
,
,
,
,
,
,
,
,
,
,
,
,
,
,
,
,
,
,
,1.037652
,0.83561367
,0.81909996
,1.2803359
,1.3856008
,1.379105
,-0.018488606
,-0.13498861
,-0.17188579
,1.1724571
,1.0286455
,0.63344127
,-0.32788724
,1.1689543
,0.72738951
,1.3575934
,1.6184604
,0.01306271
,0.67371011
,1.5443109
,0.50320238
,-0.10870305
,0.78129834
,1.1166049
,1.4873058
,0.66665387
,0.76813787
,1.2808579
,-0.19733027
,1.6132482
,-0.40994668
,0.13735987
,1.3578566
,0.79686165
,1.6147205
,0.96730328
,1.0042851
,-0.3595852
,1.4754115
,0.54891652
,0.25625139
,-0.012972692
,0.60784668
,-0.20098469
,0.56950527
,1.0181855
,1.191548
,-0.61719954
,1.3167194
,-0.31979299
,1.1389884
,0.75862485
,0.53067434
,0.24479786
,1.4142128
,1.4823365
,1.0023857
,0.30129516
,-0.10115872
,1.4178277
,-0.10132501
,-0.43241182
,1.7079734
,0.67043442
,0.6450876
,-0.10743392
,1.8545352
,1.655284
,0.11588727
,-0.56887847
,1.6197836
,0.37569723
,0.2994768
,-0.29950368
,0.14790501
,1.776867
,0.087816752
,1.7659019
,0.56141406
,-0.75273031
,-0.30634031
,-0.50124234
,0.020306362
,-0.45452696
,-0.50456214
,0.35857141
,0.44262886
,-0.35217774
,0.43841067
,0.24189927
,-0.66387284
,-0.32547194
,-0.67494917
,0.43164018
,-0.79598099
,-0.62321752
,-0.8989833
,-0.69508028
,0.33710968
,-0.45116594
,1.819911
,1.6805671
,1.7817982
,-0.91271466
,1.6259123
,-0.7537722
,-0.94103485
,-0.59621936
,-0.91043168
,-0.86428756
,-0.85140419
,-0.7819047
,-0.81772894
,-0.94324267
,-0.964109
,-0.83071887
,-0.85478842
-0.45755038,0.96923065
-0.35602632,1.4230769
-0.36116132,1.1923077
-0.2827794,1.0769231
-0.37481576,1.4497041
-0.17621353,0.90384614
-0.23411764,1.2797203
-0.49391612,0.75
-0.31696233,1.0549451
-0.57536417,1.3538461
-0.5385977,1.2136753
-0.52021039,1.1615384
-0.13405511,1.0641024
-0.33011341,1.1538461
-0.25915813,0.89230758
-0.54716557,1.1999999
-0.16839205,1.1692308
-0.28223345,0.82417589
-0.035090856,0.93406588
-0.48678818,1.0549451
-0.16012381,0.93269229
-0.56965882,0.73076922
-0.56424254,1.4615384
-0.55220205,1.102564
-0.51173383,-0.10769228
-0.45919985,0.85897446
-0.56995833,-0.23076923
-0.233438,1.3846154
-0.21120279,1.5128206
-0.47092965,0.60439563
-0.60661662,0.79230762
-0.5224067,0.73076922
-0.38994762,-0.33846152
-0.50809354,1.3296702
-0.45858589,0.8351649
-0.20218383,-0.030769201
-0.34176946,0.76923078
-0.50355124,-0.1923077
0.074320637,0.82417589
-0.42480689,1.6923077
-0.21663603,1.4102563
-0.37236628,-0.40384614
-0.33097452,0.6813187
-0.54303259,1.4725274
-0.3660475,1.6853148
0.19306323,0.65384614
-0.30879107,0.69230771
-0.45798498,-0.30769232
-0.31269297,-0.20279723
-0.15755673,0.70329666
-0.35514686,-0.057692308
-0.16522704,1.6153846
-0.57892364,0.51923078
-0.43816492,1.025641
-0.44278306,-0.5
-0.33124611,-0.3296704
-0.55898041,0.44871786
-0.60362113,0.092307754
-0.36528483,-0.07692308
-0.52731484,-0.33846152
-0.57537872,0.5
-0.23466131,-0.23076923
-0.36455494,-0.55769229
0.11426206,0.53076935
-0.40733692,-0.42307693
-0.43971035,-0.53846157
-0.378057,0.62820524
-0.44840783,0.72649562
-0.56820601,0.025641074
-0.41602653,0.80769229
-0.34912103,-0.012820464
-0.52353287,0.63736254
-0.47669113,0.60256398
-0.24861321,0.15384616
-0.53087854,-0.56410259
-0.56588995,0.65384614
-0.4489724,-0.37179491
-0.00011996584,0.23076923
-0.2946586,-0.64835167
-0.49380943,0.15384616
-0.56836623,-0.11538462
-0.51350439,-0.043956023
-0.57507515,1.6483516
-0.31820902,-0.71153843
-0.36513942,-0.51748246
-0.29386854,0.10256415
-0.45627004,1.6346154
-0.54650092,-0.65934062
-0.10696476,0.1923077
-0.50124985,0.11538462
-0.4753648,-0.07692308
-0.43199515,-0.26573431
-0.63782752,0.46153846
-0.56862879,1.5934067
-0.41350284,0.26923078
-0.2957699,-0.5
,-0.09890116
-0.27907765,-0.79487187
0.059949659,0.4835164
-0.070020169,-0.21794876
-0.37446165,-0.07692308
0.05723704,0.26923078
-0.22696155,1.7606838
-0.50003135,0.4871794
-0.17131034,1.7435899
-0.043118235,0.08974354
-0.016760256,0.42307693
-0.34954301,-0.73076922
-0.39964324,0.56410247
-0.35575792,0.46153846
-0.26338041,-0.5
-0.26027948,-0.26923078
-0.48984247,-0.7472527
-0.56387651,-0.67032963
-0.022373997,0.35897446
-0.38247141,-0.75824177
-0.16584823,0.27884614
-0.51103801,0.27472541
-0.20903447,-0.87912089
-0.47855571,-0.96703297
-0.4777357,1.6593407
-0.11797804,-0.58974355
-0.35330734,-0.65384614
-0.46270466,1.7008547
-0.49738145,-0.86538464
,0.34615386
-0.53497291,-1.0384616
-0.1113221,-0.97802192
,-0.81118876
-0.50897449,-0.91538459
,-1.2087913
,-0.91025645
-0.46620426,-0.58974355
,-0.54945052
-0.17814517,-1.3589743
,-1.1442307
,-0.7472527
,-1.125
-0.29804221,-1.2051282
-0.058762893,-0.55128199
-0.17339256,-1.0219781
-0.064870588,-0.78205121
,-1.051282
-0.21259819,-1.3706294
-0.45109472,-1.0865384
,-1.3769231
-0.61206704,-1.2747252
,-0.69230771
,-1.1153846
-0.37395269,-1.2967032
,-1.2222222
-0.40627366,-0.7564103
,-1.2820513
,-1.3717948
,-1.3557693
-0.12749521,1.4582385
-0.058412269,1.355625
-0.11173481,1.6064584
-0.18500292,-0.2434375
-0.14636467,1.1439843
-0.12197321,1.2615625
-0.045429472,-0.2434375
-0.10249756,1.5907812
-0.27080655,-0.47859374
-0.044874333,1.364176
-0.1899837,-0.51707381
-0.14363942,-0.11802077
-0.21018565,-0.23167969
-0.15233187,1.1792579
-0.028624363,0.81006259
-0.32331821,-0.41274992
-0.028446015,0.98792607
-0.28458539,-0.2434375
0.03309907,1.7789062
-0.068887152,1.2145313
-0.0022002046,-0.017687537
-0.082668461,1.6463635
-0.089406237,0.85395843
0.019891798,0.70573872
-0.085802563,1.0170002
-0.095225975,0.77243745
0.010962958,1.512396
-0.085220307,1.1047915
-0.13680103,1.1792579
0.053350385,-0.0082812496
-0.083102301,0.7598958
0.0068994532,0.69718748
-0.024321528,1.6463635
-0.096957214,1.4810416
-0.17235924,-0.42301127
-0.11252352,1.4496875
-0.042637348,0.90412509
-0.22225596,-0.23167969
-0.14987725,-0.52562499
-0.096424066,1.6691666
-0.095019042,0.80170137
-0.036967803,1.5907812
-0.17151013,0.98792607
-0.10199641,0.66583329
-0.13612831,1.2302084
-0.094207339,1.0420835
-0.29847676,-0.29046875
-0.11199971,1.1361459
-0.27256441,-0.48531246
-0.076886334,0.8853125
-0.22491439,-0.45507812
-0.21895644,1.1988541
-0.052040238,-0.20581253
0.027387574,1.4685
-0.0095207384,1.7945834
-0.023339592,-0.0082812496
-0.018749509,1.7945834
-0.24366421,-0.2434375
-0.078595191,-0.036499929
-0.15140763,0.8853125
-0.077951968,0.91666657
-0.070588343,-0.023958273
-0.17653267,0.79124999
0.033122402,1.6691666
-0.139172,0.93234372
-0.18057184,0.73750001
-0.19901942,1.2701136
0.027907917,0.028298652
-0.022306472,-0.074125074
-0.041576102,0.979375
-0.060766868,-0.023958273
-0.027872736,1.4026562
-0.11410495,-0.29987505
-0.032064505,1.0734375
-0.2028752,1.7789062
-0.12394435,-0.52562499
-0.33037814,-0.75406253
-0.021388471,1.3869791
-0.040328544,0.17312503
-0.092150293,0.85395843
-0.029756702,1.1110626
-0.15211605,-0.21208328
-0.048707139,0.7598958
-0.09959574,0.65956253
-0.031085873,1.0107291
-0.2109673,1.355625
-0.21805921,1.2929165
-0.11888026,0.69718748
-0.041588645,1.4496875
-0.18462333,1.1486875
-0.019984672,1.2615625
-0.42670986,-0.46291673
0.012363278,1.0170002
-0.29561806,-0.66000003
0.068063147,0.17984375
-0.08137811,0.57177079
0.086066127,0.16416673
-0.015179677,1.6378125
-0.061822262,0.070104226
-0.082554743,1.0420835
-0.47115377,-0.63850009
-0.1032071,0.58431244
0.020978227,0.03875
-0.17414598,0.979375
-0.12661727,0.60312498
0.043556243,0.16416673
-0.056019388,1.6142969
-0.11876893,1.8729688
0.017276095,0.15632813
0.0018351206,-0.21208328
-0.2857708,1.4732032
0.015038277,0.15162507
0.00850493,0.62193757
-0.33036843,-0.46918747
-0.17392577,0.57177079
-0.043824699,0.61880201
-0.00074790756,-0.086666726
-0.55413532,-0.13369797
-0.2632511,-0.46291673
-0.28026694,0.56550002
-0.29062256,-0.023958273
-0.17193653,-0.52562499
-0.18177406,0.62664062
-0.2539188,-0.40020826
-0.078182355,1.9827085
-0.246411,-0.13056242
-0.028367935,1.324271
-0.058473822,1.8964844
-0.092419192,0.72854173
-0.073872857,0.070104226
-0.43512809,-0.21208328
-0.13591844,1.8344885
0.044917494,0.36796874
-0.089676142,0.63447922
-0.25021982,1.7130624
-0.089550465,0.50906253
-0.23345864,-0.76078123
-0.069805101,0.60312498
-0.40958062,-0.68239576
-0.042575348,0.19552077
,0.48554689
0.14977649,1.9670312
0.20415592,0.36796874
-0.17731036,-0.63850009
0.054953072,0.36125001
0.061728511,1.7318749
0.04463442,0.25822923
0.062630422,0.16416673
-0.12629174,-0.055312499
0.020309035,1.951354
-0.29436228,-0.18072923
-0.085464284,0.22687501
0.11949727,0.33975008
-0.049350206,1.9670312
0.021161908,0.41499999
-0.44825947,-0.52562499
-0.12568313,0.54041672
0.063077092,0.22687501
-0.20033151,-0.79736114
-0.081429206,2.0610938
0.0476522,0.22687501
0.00013080503,0.50906253
-0.16296773,0.47770828
-0.26484683,0.50906253
-0.083374754,0.19552077
-0.24452245,0.50906253
0.045215528,0.19552077
-0.44153067,-0.64656258
-0.2464038,-0.73256248
-0.30753213,-0.38453126
0.084684134,1.7945834
-0.20465052,1.700521
-0.25309321,-0.54914063
-0.46490833,-0.77018756
-0.49183229,-0.74510413
-0.2556034,-0.93322915
-0.26791036,1.951354
,0.38364577
-0.0048132744,0.44635424
-0.25474909,0.41499999
-0.32460365,-0.84543747
-0.16185828,0.41499999
-0.38736898,1.700521
,0.39618742
-0.48491994,-0.6196875
-0.24479266,-1.0272917
-0.0069195763,1.92
-0.04164939,2.0454166
-0.013941567,0.22687501
-0.11320034,-0.66671872
-0.31609181,0.54041672
0.11486801,0.32093751
0.091447674,0.32093751
-0.32829735,-0.91531253
-0.019393116,1.8729688
-0.2049937,-0.75137496
-0.31931973,-0.71375
-0.19205345,2.1394792
-0.55749053,-0.83916664
-0.052612603,0.28958327
-0.44191033,-0.90187502
-0.27680361,1.575104
-0.19959693,2.0375781
-0.16337664,0.32093751
-0.32616237,0.54041672
-0.034769226,2.1645625
-0.12263645,1.9827085
,-0.80781251
-0.10028378,-0.83132815
-0.00059464731,2.1215625
-0.5023337,-0.94890624
-0.015670799,1.9827085
-0.29640359,-1.1056771
-0.2299154,-0.80781251
-0.61528105,-0.77645838
-0.23871057,-1.2075782
-0.055095993,2.1316407
-0.024632938,2.1394792
0.12213143,2.1316407
-0.11863718,-0.9206875
-0.50053513,-0.83916664
,2.1316407
,-1.1723046
-0.40420443,-1.0586458
-0.38465747,-1.202875
-0.24100694,-0.99593753
,-1.09
-0.33959708,-1.0272917
,-0.99593753
-0.20335454,-0.90187502
,-0.87052089
,-1.1975
,-1.0272917
-0.41500565,-1.0586458
,-1.09
-0.2219658,-1.1370312
-0.32887954,-0.94890624
-0.44455451,-0.96458334
,-1.0586458
,-0.97712499
-0.11961004,2.108125
-0.025340818,-1.2154167
-0.52215904,-0.96458334
,-1.1840625
,-1.1840625
-0.32698265,-1.1527084
,-0.80781251
,-1.2075782
,-1.2154167
,-1.2154167
-0.043482725,-0.574651
-0.19814551,0.82487714
-0.22898412,0.53100246
-0.044658404,-0.54228461
-0.042674176,0.90158814
0.051292531,-0.74630499
-0.21439067,0.61008447
-0.14511794,0.50672781
-0.014388806,0.70722866
0.015096093,-0.33628252
0.029951142,-0.34318069
-0.15803391,0.45305473
-0.025968401,-0.6313864
0.10731866,-0.58017957
-0.037554506,0.55801123
-0.039890811,-0.74122584
-0.1936316,0.85155189
-0.24011236,0.3323245
-0.13272727,0.37840697
0.06751845,-0.38922018
-0.10573409,-0.22340834
-0.0037335595,-0.29245439
-0.09076564,-0.48573717
-0.28685316,0.21648036
-0.13645646,0.57036805
0.063871332,-0.16667967
-0.14006455,-0.91377246
-0.24748315,0.82285529
0.008600818,0.46959546
-0.17781752,1.0773225
-0.094673172,0.37030154
-0.11848303,-0.37347817
-0.028934184,-0.53006047
-0.081886463,-0.62866777
-0.083485678,-0.77458185
-0.17606625,0.64826483
-0.024210604,-0.44397643
0.12891801,-0.84463078
-0.041886762,-0.24188003
-0.18503292,0.34722009
-0.051739313,-0.54582936
-0.24501559,0.36533377
-0.15562245,0.64196533
-0.10547327,-0.52766246
-0.093862794,-0.390228
0.01238082,-0.18856889
0.060247939,1.4655879
0.093495347,1.1485639
0.034746293,-0.13226658
-0.021887098,0.71264845
-0.26220912,0.18364134
-0.13682429,0.67150903
-0.10546687,-0.364375
-0.23774503,0.33213827
-0.14336675,1.0516349
0.13078877,1.6001191
-0.031804565,0.45252812
-0.055216659,-0.10979681
0.047971636,0.74229079
0.071485296,-0.21272786
0.11875068,-0.16443183
-0.27342126,0.67984194
-0.12571321,0.76930839
0.10062966,0.059062108
-0.020066805,-1.3837682
-0.15284143,-0.82100898
-0.12159141,-0.72100025
-0.11572802,-0.18019646
-0.0011118619,-1.1420962
-0.30838025,1.5482385
0.058365334,1.5864015
0.13038506,0.9899736
0.018240513,-0.068092018
0.15314943,-0.3315497
-0.14610086,0.95177937
0.073412873,1.3946586
0.10562373,1.8522943
-0.01500445,0.0042243339
0.11258383,1.6475099
-0.010560067,-1.0102874
-0.12974489,1.1875297
-0.14763761,1.3324319
0.030139523,-0.96113771
-0.16192767,1.2260469
-0.091320701,-1.5442468
-0.26472649,1.4151551
-0.29729247,1.3097602
0.02122329,9.4239338e-05
-0.12422545,1.1828051
-0.10330719,-0.042075332
0.082423054,1.0983835
-0.30387539,1.426218
-0.1800302,1.1102092
-0.51170248,0.20019442
-0.16590753,0.21104503
0.034576643,1.2795911
-0.10604184,0.84561276
-0.24131721,-0.73240018
-0.034081962,1.0221725
-0.22464107,1.2618874
0.070934147,1.3799982
-0.066916302,0.86208254
-0.26680869,1.6553113
0.0467632,0.060594015
0.10801193,1.3939496
-0.23581068,-0.81221044
,0.20479907
-0.24913202,1.3513896
-0.095075913,1.3725884
0.097757705,0.074047357
0.10186563,2.0496373
0.11679775,1.2195075
-0.1648722,1.6686395
-0.16225521,1.3492414
0.145613,1.5053385
-0.092789613,-1.0968196
-0.040110026,1.2243674
0.14164956,-1.1411031
0.1216596,1.8251619
-0.078371726,1.7573383
-0.20774527,1.6209182
0.09304177,1.805764
-0.22757356,-1.618187
-0.2003174,-0.9393571
,-0.96452665
-0.051261041,1.5273871
,-1.4032463
-0.11449313,1.0066638
0.1991069,1.6318601
0.13558955,1.6589285
-0.043165598,1.3129474
0.055594999,1.640083
-0.0047749877,-1.3449587
-0.075137332,-1.6567022
-0.16262318,-0.73997891
-0.28115812,-1.1109992
0.0091092447,1.7852812
-0.22087348,-1.1646752
-0.21495,-0.95520192
0.1953696,1.8533614
,-1.2275412
-0.33969846,-1.1914954
-0.3358523,-1.2759479
-0.064693272,-0.95895153
,-1.4549685
0.12264409,1.8318126
,-0.96204382
,-1.4519204
-0.44358158,-1.3424199
-0.0061890795,1.8186331
0.1758723,1.9383371
,-1.6525408
-0.024204265,1.8968775
0.16465284,2.0194511
-0.11126579,-1.4355202
0.050315481,1.9672636
0.0019086311,-1.3860571
,-1.4636446
,-1.4489077
-0.17361072,-1.5285805
,1.9701289
0.18319967,2.1564066
,-1.2249712
,2.3515913
,2.1961524
