,
,
,
,
,
,
,
,
,
,
,
,
,
,
,
,
,
,
,
,
,
,
,
,
,
,
,
,
,
,
,
,
,
,
,
,
,
,
,
,
,
,
,
,
,
,
,
,
,
,
,
,
,
,
,
,
,
,
,
,
,
,
,
,
,
,
,
,
,
,
,
,
,
,
,
,
,
,
,
,
,
,
,
,
,
,
,
,
,
,
,
,
,
,
,
,
,
,
,
,
,
,
,
,
,
,
,
,
,
,
,
,
,
,
,
,
,
,
,
,
,
,
,
,
,
,
,
,
,
,
,
,
,
,
,
,
,
,
,
,
,
,
,
,
,
,
,
,
,
,
,
,
,
,
,
,
,
,
,
,
,
,
,
,
,
,
,
,
,
,
,
,
,
,
,
,
,
,
,
,
,
,
,
,
,
,
,
,
,
,
,
,
,
,
,
,
,
,
,
,
,
,
,
,
,
,
,
,
,
,
,
,
,
,
,
,
,
,
,
,
,
,
,
,
,
,
,
,
,
,
,
,
,
,
,
,
,
,
,
,
,
,
,
,
,
,
,
,
,
,
,
,
,
,
,
,
,
,
,
,
,
,
,
,
,
,
,
,
,
,
,
,
,
,
,
,
,
,
,
,
,
,
,
,
,
,
,
,
,
,
,
,
,
,
,
,
,
,
,
,
,
,
,
,
,
,
,
,
,
,
,
,
,
,
,
,
,
,
,
,
,
,
,
,
,
,
,
,
,
,
,
,
,
,
,
,
,
,
,
,
,
,
,
,
,
,
,
,
,
,
,
,
,
,
,
,
,
,
,
,
,
,
,
,
,
,
,
,
,
,
,
,
,
,
,
,
,
,
0.63548785,-0.1986497
0.32414374,-0.61833704
,
0.4807519,-8.1372671
,
,
-3.1936636,-0.33742455
0.59055156,
0.40611467,
,
0.77096999,-1.3502085
,
,
,
,
0.48309568,0.04480705
0.42196974,-4.0152555
,
0.18941312,-0.043552138
0.30363604,
,
,
0.48325557,-2.8286679
,
1.2422091,0.16820174
,
,
0.79905897,0.0082303789
0.51794571,0.10791333
0.82255369,
,
,
,
0.53989571,
-5.9101491,
0.085207306,
,
,
,
,
,
0.20405777,
-0.078845516,-0.76821035
0.35882404,-0.11153468
1.1819928,0.053689532
0.065367833,
0.55493087,-0.31306005
0.49600533,
,
,
-10.978696,
0.35971904,
,
0.44300026,-0.51562351
,
0.54347014,
0.42893541,
0.76659411,
0.25321722,
,
,
0.48936731,
,
,
0.57814461,0.086682402
,
0.33697513,-0.068444416
,
0.62678415,
,
,
,
0.56538469,
0.56658691,-0.072352044
0.85322511,0.24929616
,
-0.46211991,1.5521649
0.53048849,
,
1.1089525,0.065803885
0.52407926,0.13890703
,
,
,
,
,
,
,
,
,
,
,
,
,
,
,
,
,
,
,
,
,
,
,
,
,
,
,
,
,
,
,
,
,
,
,
,
,
,
,
,
,
,
,
,
,
,
,
,
,
,
,
,
,
,
,
,
,
,
,
,
,
,
,
,
,
,
,
,
,
,
,
,
,
,
,
,
,
,
,
,
,
,
,
,
,
,
,
,
,
,
,
,
,
,
,
,
,
,
,
,
,
,
,
,
,
,
,
,
,
,
,
,
,
,
,
,
,
,
,
,
,
,
,
,
,
,
,
,
,
,
,
,
,
,
,
,
,
,
,
,
,
,
,
,
,
,
,
,
,
,
,
,
,
,
,
,
,
,
,
,
,
,
,
,
,
,
,
,
,
,
,
,
,
,
,
,
,
,
,
,
,
,
,
,
,
,
,
,
0.42798582,
0.28725791,
0.39385226,
0.60645765,
0.34475482,
0.40387839,
0.29989237,
0.54276049,
0.37321749,
1.8162335,0.16203216
1.1181118,0.04824087
2.4698806,-0.053682692
-0.093107097,1.3545415
0.35980693,
0.34981954,
0.36410022,
0.58561546,
0.41660482,-23.576382
0.084963173,
1.4766946,0.035567515
0.58150476,
0.46806574,
1.0404665,0.059598401
,
0.37851408,
2.7595413,0.11095317
0.32058376,-0.21336958
0.69773686,-0.2248089
-0.081059895,-2.3407147
0.66209787,-0.31590542
0.61336946,0.0058653275
0.91030765,0.24718283
1.088127,0.0051921625
0.28240842,0.28919455
-1.1057372,2.6350021
0.72277099,
-2.3658617,-0.0090250336
0.77708304,-0.0069504078
0.51026148,
2.9505699,-0.010430383
0.53848648,-0.081969835
0.93010032,0.034528449
0.40831679,0.0068424568
0.454853,0.20908049
0.36944538,
1.4461144,0.25718698
0.5554316,0.091483161
0.41895524,-0.10555442
0.81389129,0.21537915
,
0.52859801,-0.015781144
,
0.55471504,0.19343694
-0.61825508,21.825781
0.038069293,0.19712105
0.5311529,-0.03937817
0.48801821,0.040369201
0.94971651,0.011272592
0.27100617,0.14211574
0.61990505,-0.042069633
0.34030947,
0.4473508,-0.25439513
0.77566803,-0.088327251
0.43768117,-2.0030196
0.60861355,0.062178589
,-0.013254005
0.61549348,-2.0454872
0.54377419,-0.043303598
0.76884931,0.13321155
0.6796568,-0.30443132
0.42616478,-0.16445439
0.55366713,
0.46615973,-1.5823721
0.83646739,-0.13131049
,
,
,
,
,
,
,
,
,
,
,
,
,
,
,
,
,
,
,
,
,
,
,
,
,
,
,
,
,
0.42885399,8.6849794
0.33827189,
0.47971335,
0.42889735,
,
-0.74662739,1.1064816
,
0.25629473,
0.64002013,0.88438517
0.43833986,0.19488332
0.57062113,
,
0.45460734,
0.30381396,
0.41952607,6.8760657
0.59166968,0.53553653
-0.24157159,
0.516895,
0.12378169,0.45171019
,
,
0.47071123,
,
,
0.43555182,9.8080311
,
0.32561225,1.931242
,
-0.05549052,
,
,
,
0.55355752,1.4126815
,
,
,
0.54037064,0.17594056
0.67130572,0.40000847
0.61854541,0.28978333
,
0.62755054,
,
,
,
,
,
,
0.36313879,3.2989783
,
,
,
,
,
0.71163327,0.60686147
0.94594896,0.59169304
,
,
,
,
,
,
,
0.38217407,5.5530491
,
,
,
,
,
,
,
0.6733712,19.074512
0.41446304,
0.33744285,
0.79873377,-0.39147338
0.80683291,-96.068398
,
0.57992828,0.70811754
0.62907839,
0.51077139,0.39705858
0.57161582,
,
0.42148846,0.57730871
-0.021829696,
0.48024997,0.69809431
0.73558855,-0.077742882
,
0.57908916,
0.026375048,
,
0.39801607,7.4419031
0.4114573,0.75578582
,
,
,
,
0.63308734,0.27755839
,
0.64587975,0.1181621
,
0.57441556,0.36852103
,
0.68151236,0.33445874
0.50500101,0.78320813
,
,
,
0.67588913,0.2967371
1.0154783,29.963394
,
0.65373117,0.69314909
0.16253111,0.6783039
0.24246763,0.87094992
,
,
,
,
,
,
,
,
0.395181,1.4161289
0.22159337,0.20141163
0.3630892,
0.39517394,1.9254386
0.35946861,0.40714049
0.53663248,0.71119601
0.32129103,0.29022536
0.17486069,72.033981
0.33233291,
0.15672146,0.67031199
0.40058136,0.89285159
0.26937401,2.8264589
0.29328972,0.54214615
0.34384388,
0.48808998,0.23879364
0.41411957,0.19979189
0.36796951,
0.29946432,7.5388975
0.5429706,
0.44051719,
0.36991861,
0.2247625,
0.4224087,0.67653954
0.29667452,
0.25198179,0.59079736
0.33852378,-0.17684041
0.4143171,0.37810206
0.46558848,0.58120519
0.39175376,2.5970917
0.42476496,
0.31736943,0.33414808
0.24705467,-0.2716946
0.31018162,
0.027853332,-0.14977196
0.53245038,0.56919777
0.46221358,
0.47688907,
0.41858199,0.26753378
0.041552063,
0.7529999,0.30602309
0.21585254,12.389708
0.59400427,-0.18771611
0.27908662,0.32777563
0.51158708,0.32476926
0.45400742,0.47315446
0.35339934,0.45111966
0.44077232,0.3008787
0.58764631,0.11007557
0.28787071,0.40691572
0.25351426,0.43953013
0.47559273,0.22948889
0.35288066,
0.43550661,0.34333998
0.40708151,0.042230725
0.5924468,0.52256191
0.4106814,0.38903102
0.6705187,0.5985148
0.46076766,0.67440242
0.47582802,273.85861
0.31202599,0.71099913
0.30196112,0.73609471
0.48278213,0.17613894
0.65025479,0.79885006
,
0.51392251,0.36239377
0.2740283,0.48771316
,
0.57817686,0.69458658
0.26553917,0.4893975
0.34685865,
0.65141326,0.5614171
0.33479297,0.66564232
0.55313241,0.13634171
0.13543703,-0.26450843
,
-0.041043743,0.63113272
,
0.3283273,0.83572853
,
0.40936017,0.58210272
,
0.62519133,0.88639349
0.34423977,
0.33998951,
0.52094436,
0.40806198,
0.25973022,
0.44756716,
0.23936333,
0.1622548,
0.34104171,
0.34097415,
0.38257453,
0.62443388,
0.23005669,
0.28623825,
-0.084987916,
,
,
,
0.53147572,
0.10890777,
0.46501768,
0.68640625,
,
0.13043343,
,
,
,
-0.22634332,
0.13889599,
0.28980398,
,
,
,
,
0.53801143,
0.62512797,
0.52110547,
0.34370714,
0.60793453,
0.67652178,
0.82900745,
0.32365155,
0.82642949,
0.58634776,
0.4025704,
0.51037902,
0.73005235,
,
0.25949863,
0.64696193,
,
,
,
,
0.48541978,
0.41359651,
0.051828209,
0.28761494,
0.28674737,
0.53013402,
0.71845174,
0.37274915,
0.093748398,
0.29253888,
0.37256649,
0.42019597,
0.10050538,
0.27744201,
,
,
,
,
,
0.40035614,
,
,
,
0.6615963,
0.41410369,
0.2501187,
0.44410443,
0.32675773,
,
0.47211701,
0.31971046,
,
,
0.26564723,
0.31766027,
,
0.70995539,
0.25904682,
0.9434182,
,
0.68749475,
0.28252283,
0.083768852,
,
,
0.48328114,
-1.1877986,
0.69646937,
0.15866417,
,
0.033446185,-2.3112438
,
,
,
,
,
,
-0.00082479586,
,
0.50482649,
,
0.58013093,
0.41365403,3.1244674
0.40200451,
0.40868792,0.7823447
0.20214567,
0.61195785,
0.10589241,
0.38005948,
0.30894622,
0.30201173,
0.4869588,
0.55689043,
0.45002669,
0.51906598,
0.28537992,
0.17104019,
1.0094775,
0.67983073,
0.74330038,
0.43760672,
0.1198049,
0.39098057,
0.48039812,
0.49079451,
0.45138809,0.64144945
0.42715862,
0.32213214,
0.53799301,2.8070848
0.45288011,
0.30029592,
0.77958417,
0.50421351,
0.22698341,
0.35151669,
0.97936404,
0.68186039,
0.4194985,8.1517839
0.24166369,
0.20751321,
0.27167547,
0.41692358,0.33794484
-0.15725903,
-0.062500022,
0.49636039,
0.51590419,0.74425322
0.1436535,
0.37509745,0.8974008
0.13042079,
0.30323067,
0.46816355,
0.1984394,
0.099935703,
0.59202361,
0.51461351,
0.93840134,
0.37861067,2.2791927
0.02345458,
0.38461927,
0.53339225,
0.48942745,
0.32685781,
1.0769571,
0.47303933,
0.4787474,
0.35403407,
0.59552246,
-0.73012972,
0.44562161,
0.45857456,
0.20866373,
0.46818182,
-1.8986847,4.7451601
0.2739841,
0.29495671,3.2283082
0.48984614,
0.42161611,
0.44413298,
0.56969297,
0.38924634,
0.22224042,
0.64702141,
0.57397842,3.3225448
-0.51257956,
0.43954974,
0.26091591,
0.68421274,
0.14397694,1.4519889
-1.2727491,2.2498667
0.30032241,
-0.064164326,
0.52534795,
-0.85665035,
0.40152004,
0.48697814,
0.44128898,
-2.2243879,
0.41995251,
-1.2556065,1.9913479
0.25626093,
0.30251378,
-1.3256372,
0.41007969,
,
,
0.26650926,
,
0.49822101,
0.046955105,
,
0.026428584,
0.59715265,-1.0738782
0.53550929,
-1.0844669,
0.35501596,
0.69048011,
0.65223259,
0.53694361,
0.31478095,
,
0.65953672,0.4882299
0.2954264,
0.46946725,
0.22607827,
-2.6946566,
0.33701482,
,
-1.4074583,
-0.047384307,
-0.15969418,
0.57619154,
0.58141512,2.2410362
,
0.53333676,
,
,
,
0.70386201,
0.76715887,
0.67343682,
,
,
,
,
0.97593015,-0.095891789
,
,
,
,
0.41457623,
,
,
,
-0.69522476,
,
,
,
,
,
,
,
,
,
,
,
,
,
,
,
,
,
,
,
,
,
0.28142014,
,
,
,
,
,
,
,
,
,
,
,
,
,
,
,
,
,
,
,
,
,
,
,
,
,
,
,
,
0.52840918,
0.40443584,
0.24006818,
0.41687861,
0.50897014,
0.27612054,
0.47418424,
0.56513482,
0.30045217,
0.27919808,
0.37524399,
0.27419081,
0.58977407,
0.45535675,
0.2611222,
0.42646486,
0.66910732,
0.44123146,
0.47580108,
0.7074495,
0.54464287,
0.13040189,
0.17786022,
-1.4680226,
0.26546448,
0.15842351,
0.25214723,
0.24672309,
0.028834667,
0.22480167,
0.60373187,
0.80035317,
0.54132408,
0.49025023,
0.4890908,
0.59397447,
0.36548239,
,
-0.56691664,
,
0.50594372,
,
,
,
,
,
0.19355348,
,
,
,
,
0.4437378,
0.39730889,
0.75561392,
0.63141513,
0.63945645,
0.57287747,-6.0061922
0.5873667,
0.61485666,
0.50715256,
0.44491494,
0.59106612,
0.57156891,
0.40839237,
0.52881467,
0.50633091,
0.48789802,
0.4038645,
0.46521574,
0.20700751,
0.54111719,
0.50107616,
0.45235822,
0.41710448,
0.61821437,
0.58188468,
0.40052682,
0.54506481,
0.36972451,
0.26035056,
0.50279969,
0.75049525,
0.32722893,
0.52095324,
0.52558184,-2.8181658
0.26753739,
0.62970591,
,
0.74482971,
0.63889831,-5.8513637
0.3853837,
0.56945938,
0.34219116,
0.32447362,
0.53542477,
0.13256888,
0.11691952,
0.56160313,
0.37495935,
0.58726704,
0.5339461,
0.13012983,
,
0.51861525,
0.0070554945,
0.29724404,
,
0.584131,
0.42104578,
1.0675001,-0.20622851
0.55422276,
0.49153292,0.0067862156
0.61585975,
0.53305346,
,
0.65332007,-0.12657094
0.52229238,-2.2484143
0.42768031,
0.64497668,
1.1203294,
,
,
0.66354442,0.21132974
,
,
,
,
0.24538586,-0.053433124
,
,
,
0.54414469,0.14097096
,
0.035373252,
0.29720068,
0.41785073,
,
-0.22373565,
0.42599589,
,
0.33541834,-0.18427074
,
,
0.5208118,-1.3423454
,
0.56134605,0.59118545
0.41829306,-0.038563445
0.39932045,0.57624519
,
0.64334524,
,
,
0.44582385,
0.69824165,-0.022668825
,
0.42519405,0.36092934
,
0.48817408,
,
0.52823949,0.28700992
,
,
,
,
,
,
,
,
,
,
,
,
0.40722817,
,
,
,
,
,
,
,
,
,
,
,
,
,
,
,
,
,
,
,
,
,
,
,
,
,
,
,
,
,
,
,
,
,
,
,
,
,
,
,
,
,
,
,
,
,
,
,
,
,
,
,
,
,
,
,
,
,
,
,
,
,
,
,
,
,
,
,
,
,
,
,
,
,
,
,
,
,
,
,
,
,
,
,
,
,
,
,
,
,
,
,
,
,
,
,
,
,
,
,
,
,
,
,
,
,
,
,
,
,
,
,
,
,
,
,
,
,
,
,
,
,
,
,
,
,
,
,
,
,
,
,
,
,
,
,
,
,
,
,
,
,
,
,
,
,
,
,
,
,
,
,
,
,
,
,
,
,
,
,
,
,
,
,
,
,
,
,
,
,
,
,
,
,
,
,
,
,
,
,
,
,
,
,
,
,
,
,
,
,
,
,
,
,
,
,
,
,
,
,
,
,
,
,
,
,
,
,
,
,
,
,
,
,
,
,
,
,
,
,
,
,
,
,
,
,
,
,
,
,
,
,
,
,
,
,
,
,
,
,
,
,
,
,
,
,
,
,
,
,
,
,
,
,
,
,
,
,
,
,
,
,
,
,
,
,
,
,
,
,
,
,
,
,
,
,
,
,
,
,
,
,
,
,
,
,
,
,
,
,
,
,
,
,
,
,
,
,
,
,
,
,
,
,
,
,
,
,
,
,
,
,
,
,
,
,
,
,
,
,
,
,
,
,
,
,
,
,
,
,
,
,
,
,
,
,
,
,
,
,
,
-1.2291101,
,
,
,
,
10.769306,1.237138
,
,
,
,
,
,
,
,
,
,
,
,
,
,
,
,
,
,
,
,
,
,
,
,
,
,
,
,
,
,
,
,
,
,
,
,
,
,
,
,
,
,
,
,
,
,
,
,
,
,
,
,
,
,
,
,
,
,
,
,
,
,
,
,
,
,
,
,
,
,
,
,
,
,
,
,
,
,
,
,
,
,
,
,
,
,
,
,
,
,
,
,
,
,
,
,
,
,
,
,
,
,
,
,
,
,
,
,
,
,
,
,
,
,
,
,
,
,
,
,
,
,
,
,
,
,
,
,
,
,
,
,
,
,
,
,
,
,
,
,
,
,
,
,
,
,
,
,
,
,
,
,
,
,
,
,
,
,
,
,
,
,
,
,
,
,
,
,
,
,
,
,
,
,
,
,
,
,
,
,
,
,
,
,
,
,
,
,
,
,
,
,
,
,
,
,
,
,
,
,
,
,
,
,
,
,
,
,
,
,
,
,
,
,
,
,
,
,
,
,
,
,
,
,
,
,
,
,
,
,
,
,
,
,
,
,
,
,
,
,
,
,
,
,
,
,
,
,
,
,
,
,
,
,
,
,
,
,
,
,
,
,
,
,
,
,
,
,
,
,
,
,
,
,
,
,
,
,
,
,
,
,
,
,
,
,
,
,
,
,
,
,
,
,
,
,
,
,
,
,
,
,
,
,
,
,
,
,
,
,
,
,
,
,
,
,
,
,
,
,
,
,
,
,
,
,
,
,
,
,
,
,
,
,
,
,
,
,
,
,
,
,
,
,
,
,
,
,
,
,
,
0.5408057,
0.41211301,
0.44546121,
0.37800214,0.25709563
0.068901919,
0.40908393,
0.45561907,0.46381199
0.46880168,
0.3384929,
0.56922239,
0.34814385,
0.35577735,
0.27386937,0.49728566
0.49287674,
0.43543586,
0.2928547,
0.37512371,
0.3729091,
0.48231333,
0.43152413,
0.41559714,
0.15346125,
0.42661807,0.60296637
0.43308502,
0.25511366,
,
-0.27011883,1.3454505
0.42854109,
0.30289504,
0.04235087,
0.47526756,
0.10766321,
0.36190426,
0.50946736,
0.26536766,
0.31886557,
0.38131744,
0.46498314,
0.38963631,
0.52912343,
0.29723203,
,
0.56824845,
0.50510943,-0.0001253067
0.34500796,
0.1832429,
,
0.011170158,
0.57679158,
-0.31194943,
-0.074449256,
0.3030315,0.86661637
0.45033094,
0.23377992,
,
,
0.19733228,1.7661749
0.63519931,0.24855505
-0.5221954,
-0.11703665,
0.4365938,
0.27647066,
0.65742135,
0.35328436,
0.19274902,1.6762921
0.50477964,-0.96462119
0.34898779,0.23385984
0.39999744,
,
0.27025613,
,
0.46244067,0.41372761
,
0.48715296,0.40895876
,
-0.49594346,
0.35334602,0.88486838
0.36910084,
-0.001438817,
0.48668259,0.29507083
0.48045024,
0.40908661,
0.37679854,0.27329245
0.29575008,
0.36752048,
0.16830052,
0.35699239,
0.44249076,1.6713811
,
0.60276026,
,
0.05611546,
0.52773196,
,
0.2568844,
-0.26263115,
0.64001322,0.047643598
0.47689763,
,
0.40180686,
0.13148503,
,
-0.071526878,
0.56536883,
0.52250469,6.3789535
,
0.13017535,
0.53446072,
,
0.35091338,
,
-0.022062588,
0.34557959,
,
0.22225754,2.1749537
0.25746393,
-0.0085854195,
,
0.55451304,0.76700413
,
0.23820402,2.8123772
,
0.43257952,2.2204468
0.30883479,
0.29449826,0.78084141
0.42131108,
-0.26011977,
-0.43037921,
,
,
,
,
,
,
,
,
,
,
,
,
,
,
,
,
,
,
,
,
,
,
,
,
,
,
,
,
,
,
,
,
,
,
,
,
,
,
,
,
,
,
,
,
,
,
,
,
,
,
,
,
,
,
,
,
,
,
,
,
,
,
,
,
,
,
,
,
,
,
,
,
,
,
,
,
,
,
,
,
,
,
,
,
,
,
,
,
,
,
,
,
,
,
,
,
,
,
,
,
,
,
,
,
,
,
,
,
,
,
,
,
,
,
,
,
,
,
,
,
,
,
,
,
,
,
,
,
,
,
,
,
,
,
,
,
,
,
,
,
,
,
,
,
,
,
,
,
,
,
,
,
,
,
,
,
,
,
,
,
,
,
,
,
,
,
,
,
,
,
,
,
,
,
,
,
,
,
,
,
,
,
,
,
,
,
,
,
,
,
,
,
,
,
,
,
,
,
,
,
,
,
,
,
,
,
,
,
,
,
,
,
,
,
,
,
,
,
,
,
,
,
,
,
,
,
,
,
,
,
,
,
,
,
,
,
,
,
,
,
,
,
,
,
,
,
,
,
,
,
,
,
,
,
,
,
,
,
,
,
,
,
,
,
,
,
,
,
,
,
,
,
,
,
,
,
,
,
,
,
,
,
,
,
,
,
,
,
,
,
,
,
,
,
,
,
,
,
,
,
,
,
,
,
,
,
,
,
,
,
,
,
,
,
,
,
,
,
,
,
,
,
,
,
,
,
,
,
,
,
,
,
,
,
,
,
,
,
,
,
,
,
,
,
,
,
,
,
,
,
,
,
,
,
,
,
,
,
,
,
,
,
,
,
,
,
,
,
,
,
,
,
,
,
,
,
,
,
,
,
,
,
,
,
,
,
,
,
,
,
,
,
,
,
,
,
,
,
,
,
,
,
,
,
,
,
,
,
,
,
,
,
,
,
,
,
,
,
,
,
,
,
,
,
,
,
,
,
,
,
,
,
,
,
,
,
,
,
,
,
,
,
,
,
,
,
,
,
,
,
,
,
,
,
,
,
,
,
,
,
,
,
,
,
,
,
,
,
,
,
,
,
,
,
,
,
,
,
,
,
,
,
,
,
,
,
,
,
,
,
,
,
,
,
,
,
,
,
,
,
,
,
,
,
,
,
,
,
,
,
,
,
,
,
,
,
,
,
,
,
,
,
,
,
,
,
,
,
,
,
,
,
,
,
,
,
,
,
,
,
,
,
,
,
,
,
,
,
,
,
,
,
,
,
,
,
,
,
,
,
,
,
,
,
,
,
,
,
,
,
,
,
,
,
,
,
,
,
,
,
,
,
,
,
,
,
,
,
,
,
,
,
,
,
,
,
,
,
,
,
,
,
,
,
,
,
,
,
,
,
,
,
,
,
,
,
,
,
,
,
,
,
,
,
,
,
,
,
,
,
,
,
,
,
,
,
,
,
,
,
,
,
,
,
,
,
,
,
,
,
,
,
,
,
,
,
,
,
,
,
,
,
,
,
,
,
,
,
,
,
,
,
,
,
,
,
,
