,
,
,
,
,
,
,
,
,
,
,
,
,
,
,
,
,
,
,
,
,
,
,
,
,
,
,
,
,
,
,
,
,
,
,
,
,
,
,
,
,
,
,
,
,
,
,
,
,
,
,
,
,
,
,
,
,
,
,
,
,
,
,
,
,
,
,
,
,
,
,
,
,
,
,
,
,
,
,
,
,
,
,
,
,
,
,
,
,
,
,
,
,
,
,
,
,
,
,
,
,
,
,
,
,
,
,
,
,
,
,
,
,
,
,
,
,
,
,
,
,
,
,
,
,
,
,
,
,
,
,
,
,
,
,
,
,
,
,
,
,
,
,
,
,
,
,
,
,
,
,
,
,
,
,
,
,
,
,
,
,
,
,
,
,
,
,
,
,
,
,
,
,
,
,
,
,
,
,
,
,
,
,
,
,
,
,
,
,
,
,
,
,
,
,
,
,
,
,
,
,
,
,
,
,
,
,
,
,
,
,
,
,
,
,
,
,
,
,
,
,
,
,
,
,
,
,
,
,
,
,
,
,
,
,
,
,
,
,
,
,
,
,
,
,
,
,
,
,
,
,
,
,
,
,
,
,
,
,
,
,
,
,
,
,
,
,
,
,
,
,
,
,
,
,
,
,
,
,
,
,
,
,
,
,
,
,
,
,
,
,
,
,
,
,
,
,
,
,
,
,
,
,
,
,
,
,
,
,
,
,
,
,
,
,
,
,
,
,
,
,
,
,
,
,
,
,
,
,
,
,
,
,
,
,
,
,
,
,
,
,
,
,
,
,
,
,
,
,
,
,
,
,
,
,
,
,
-0.038944479,
-0.26809725,
-0.28894567,
-0.037791293,
-0.19941989,
-0.10557415,
0.039604913,
0.3946158,
-0.1593297,
,
-0.10252664,
,
-0.034167379,
-0.12806636,
0.10287958,
,
-0.035689421,
-0.17196573,
-1.0978185,
-0.30885771,
,
,
,
,
,
,
,
,
,
,
,
,
,
,
,
,
,
,
,
,
,
,
,
,
,
,
,
,
,
,
,
,
,
,
,
,
,
,
,
,
,
,
,
,
,
,
,
,
,
,
,
,
,
,
,
,
,
,
,
,
,
,
,
,
,
,
,
,
,
,
,
,
,
,
,
,
,
,
,
,
,
,
,
,
,
,
,
,
,
,
,
,
,
,
,
,
,
,
,
,
,
,
,
,
,
,
,
,
,
,
,
,
,
,
,
,
,
,
,
,
,
,
,
,
,
,
,
,
,
,
,
,
,
,
,
,
,
,
,
,
,
,
,
,
,
,
,
,
,
,
,
,
,
,
,
,
,
,
,
,
,
,
,
,
,
,
,
,
,
,
,
,
,
,
,
,
,
,
,
-0.93552434,
-0.8891142,
-1.0545894,1.0771408
-0.57817382,
-0.41459,
-0.63486534,
-0.67994106,
-0.87245142,
-0.87187696,1.0740112
-0.67533273,1.1342446
-0.98893964,1.0834376
-0.88841599,
-0.47048256,
-0.62554628,1.2332553
-0.85343415,1.1144241
-0.95090973,1.0993049
-0.63786745,1.0625095
-0.91228688,
,
-0.87346846,1.1296437
-1.0756747,
-0.70944363,
,
-1.1009552,1.315105
-0.7015298,
-0.99226826,1.1764368
,
-0.62130272,1.1500775
-0.85250223,1.0686699
-0.5691849,
-0.85856783,1.1979731
-0.86195022,
-0.94622624,
-0.49050409,
-1.0278158,
-1.1744708,1.1280578
-1.0577521,1.1088864
-0.69422984,
,
-0.80093533,
-0.63473994,
-0.72830981,
-0.62292743,
-0.92444634,1.0915002
-1.2090939,1.2542044
-1.0998359,
-0.69172424,1.0908997
-0.95692557,1.0719181
,
-0.7063359,
-1.0084639,
-0.54997146,
-0.74356949,
-0.75815493,
-0.94320369,1.0912964
-0.86467648,
-0.6481204,
-1.0956072,1.1048632
-0.632559,
-1.1059628,1.1890376
-0.76128775,1.1089544
-0.69563514,
-0.74736029,
,
-1.143327,
-0.96007711,1.1773623
-0.74958861,
-0.56907356,
-0.86809593,1.1515074
-0.77319074,
-0.88846296,1.1392047
,
-0.61832833,
-0.68911248,1.2078726
-1.0866673,
-0.70014298,
-0.78892791,1.1324915
,
-1.0225562,
-0.78906709,
-1.0286856,
-0.78171813,1.1181304
-0.43515688,
-0.8595261,1.1824851
-0.78092098,
-0.73805732,
,
-0.73421669,1.0839638
-1.0477484,
-0.92229432,
-1.048949,
,
,
,
,
,
,
,
,
,
,
,
,
,
,
,
,
,
,
,
,
,
,
,
,
,
,
,
,
,
,
,
,
,
,
,
,
,
,
,
,
,
,
,
,
,
,
,
,
,
,
,
,
,
,
,
,
,
,
,
,
,
,
,
,
,
,
,
,
,
,
,
,
,
,
-0.71336222,
-0.94801742,
-1.0329204,
-0.96826506,
-0.82857364,1.3873568
-0.8945992,
-1.080003,
-0.79631978,
-0.98398983,
-0.92739463,1.2821177
-1.0740085,1.1651634
-1.1124908,1.1199991
-0.58207351,1.3904645
-0.98394185,
-0.62989867,1.129334
-0.9066323,1.1458361
-1.2076659,
-0.82517725,1.1393876
-0.84604543,1.1826599
-0.89500439,
-0.83892417,
-0.98497415,
-0.64525717,1.1250753
-1.0107398,
-1.2641102,1.3860806
-0.67375475,
-0.95280987,
-0.58175099,1.3250787
-0.12572092,
,
,
,
,
,
,
,
,
,
,
,
,
,
,
,
,
,
,
,
,
,
,
,
,
,
,
,
,
,
,
,
,
,
,
,
,
,
,
,
,
,
,
,
,
,
,
,
,
,
,
,
,
,
,
,
,
,
,
,
,
,
,
,
,
,
,
,
,
,
,
,
,
,
,
,
,
,
,
,
,
,
,
,
,
,
,
,
,
,
,
,
,
,
,
,
,
,
,
,
,
,
,
,
,
,
,
,
,
,
,
,
,
,
,
,
,
,
,
,
,
,
,
,
,
,
,
,
,
,
,
,
,
,
,
,
,
,
,
,
,
,
,
,
,
,
,
,
,
,
,
,
,
,
,
,
,
,
,
,
,
,
,
,
,
,
,
,
,
,
,
,
,
,
,
,
,
,
,
,
,
,
,
,
,
,
,
,
,
,
,
,
,
,
,
,
,
,
,
,
,
,
,
,
,
,
,
,
,
,
,
,
,
,
,
,
,
,
,
,
,
,
,
,
,
,
,
,
,
,
,
,
,
,
,
,
,
,
,
,
,
,
,
,
,
,
,
,
,
,
,
,
,
,
,
,
,
,
,
,
,
,
,
,
,
,
,
,
,
,
,
,
,
,
,
,
,
,
,
,
,
,
,
,
,
,
,
,
,
,
,
,
,
,
,
,
,
,
,
,
,
,
,
,
,
,
,
,
,
,
,
,
,
,
,
,
,
,
,
,
,
,
,
,
,
,
,
,
,
,
,
,
,
,
,
,
,
,
,
,
,
,
,
,
,
,
,
,
,
,
,
,
,
,
,
,
,
,
,
,
,
,
,
,
,
,
,
,
,
,
,
,
,
,
,
,
,
,
,
,
,
,
,
,
,
,
,
,
,
,
,
,
,
,
,
,
,
,
,
,
,
,
,
,
,
,
,
,
,
,
,
,
,
,
,
,
,
,
,
,
,
,
,
,
,
,
,
,
,
,
,
,
,
,
,
,
,
,
,
,
,
,
,
,
,
,
,
,
,
,
,
,
,
,
,
,
,
,
,
,
,
,
,
,
,
,
,
,
,
,
,
,
,
,
,
,
,
,
,
,
,
,
,
,
,
,
,
,
,
,
,
,
,
,
,
,
,
,
,
,
,
,
,
,
,
,
,
,
,
,
,
,
,
,
,
,
,
,
,
,
,
,
,
,
,
,
,
,
,
,
,
,
,
,
,
,
,
,
,
,
,
,
,
,
,
,
,
,
,
,
,
,
,
,
,
,
,
,
,
,
,
,
,
,
,
,
,
,
,
,
,
,
,
,
,
,
,
,
,
,
,
,
,
,
,
,
,
,
,
,
,
,
,
,
,
,
,
,
,
,
,
,
,
,
,
,
,
,
,
,
,
,
,
,
,
,
,
,
,
,
,
,
,
,
,
,
,
,
,
,
,
,
,
,
,
,
,
,
,
,
,
,
,
,
,
,
,
,
,
,
,
,
,
,
,
,
,
,
,
,
,
,
,
,
,
,
,
,
,
,
,
,
,
,
,
,
,
,
,
,
,
,
,
,
,
,
,
,
,
,
,
,
,
,
,
,
,
,
,
,
,
,
,
,
,
,
,
,
,
,
,
,
,
,
,
,
,
,
,
,
,
,
,
,
,
,
,
,
-0.75725871,1.086857
,
,
,
,
,
,
-0.46626183,1.1613982
-1.1526153,1.2049086
-1.1362962,1.193776
-0.44771385,
-0.97872508,1.2082551
-1.1914238,
-0.99674296,
-0.866373,1.3067811
-0.81888294,
-0.44203052,1.2116288
-1.3787874,1.4995202
,
,
-1.1226937,1.2004892
-1.1093943,
-0.47643852,1.1188589
-0.61996615,1.3413533
,
-1.1184345,1.3346884
-1.3314903,1.6144356
,
,
-1.247671,1.2567474
,
-1.9633911,1.2321006
-1.3887537,1.4755921
,
,
,
,
,
-0.92845058,
-1.0128279,
-0.66719091,
-1.1494744,
-1.0002383,
-1.0276583,1.4451603
-0.54379016,
-0.68289262,1.2233479
-0.80611461,
-0.82657313,1.3846003
-1.016583,
-1.1413603,
-0.40096897,
-1.1068555,1.2481561
-1.0306431,
-0.86734915,1.5456671
-1.1059103,1.3856558
-0.73277825,
-1.2845137,
-0.94846815,
-0.71546501,
-0.73239905,1.5878342
-1.1241819,
-0.92689246,1.7416043
-0.93343025,1.2281848
-0.6969558,1.3786422
-1.1913832,1.2995703
-0.7705723,
-0.71821082,1.6396482
-0.8518545,1.1700046
-1.3344761,
-1.0773849,
-1.1804117,
-1.1559232,
-0.50344354,1.3700831
-1.1018827,
-0.94392002,1.3119236
-0.84975415,1.2428136
-1.0741322,1.1640278
-0.86787528,1.3531731
-0.76456136,1.1660047
-1.2036501,1.4270946
-1.033293,1.1758389
-1.0656121,
-0.65982217,1.3514585
-0.57311422,
-1.1101917,1.2713931
-0.74289352,1.1662475
-0.620978,1.2726287
-1.1497111,
-1.0048916,1.8945972
-0.98637331,1.3655702
-1.1220286,1.2153972
-1.1320094,
-1.1048682,1.2759743
-1.1850667,
-1.1202121,1.411626
-1.1223929,1.4694548
-1.0028806,1.5684741
-0.61014891,1.1291308
-0.73104787,
-1.3335247,1.2938768
-1.1607633,1.2150704
-0.97668302,1.5774306
-1.1167821,
-0.87940031,1.2477438
-1.2910879,
-0.78309816,1.1255742
-0.98283547,1.4516034
-1.237354,
-1.1770768,
-1.1557568,1.3786595
-1.3276734,
-1.0684119,1.1502258
-0.9694941,1.5734652
-1.0735189,
-1.0017308,1.4537845
-1.2027934,1.1695404
-0.74470162,1.4070772
-0.61232418,1.4939837
-0.99159473,1.3344972
-0.68371153,1.7202318
-1.2589632,1.1026103
-0.70192313,1.1468204
-1.0735245,
-1.2856461,1.3875555
-1.1518515,
-1.2377585,
-0.9771297,1.5502633
-0.7805739,
-0.71771294,1.426371
-1.0240967,
-1.1248748,2.1326404
-0.87923121,1.2659531
-1.4120715,
-1.0210385,1.4445878
-0.92460424,
-1.3875418,
-1.0292969,1.3811216
-1.0396827,1.1984251
-1.0194732,
-0.97096002,
-0.9377861,
-0.43852222,
-1.0741054,
,
,
-0.53388703,
-0.63304037,
87.743034,-0.86941129
-0.61628646,
,
,
-0.82906497,
,
-0.85784656,
,
-0.40349281,1.1433644
-0.65064287,1.1200993
-0.42192239,1.2112566
-1.102132,
-0.78534651,
-0.88918221,
-0.70587075,
-0.96628958,1.3638281
-1.053283,
,-44.36771
-0.57147765,
-0.89525026,1.0763812
-0.94658089,
-1.0227088,
-0.53545159,
-1.1598916,1.5877224
-1.0321901,
-0.74842393,
-0.9984172,1.1126202
-1.1009777,
-1.0712245,
-0.37987849,
-1.1675178,1.1079379
-0.79843432,1.3296002
-0.93022931,1.2107563
-0.42281231,1.2285337
-0.95932519,
-0.93414736,
-1.2575805,1.3813573
,-0.57631451
-1.1287861,
-1.0977454,
-0.84110028,
-0.83974099,
-0.75948757,1.1045916
-0.33667544,1.6254214
-0.40283862,
-0.7560342,
-0.7786181,1.288819
-1.1091683,1.0815542
-0.96824104,1.1649156
-0.92129874,1.0962217
-0.95908415,
-0.75184184,1.2627617
-0.80584556,1.1222503
-1.0551974,
-0.82919157,1.1107986
-0.68899542,1.0896223
-1.0106091,
-1.0667608,1.0989947
-0.76308966,1.284251
-0.52545977,
-0.71708179,1.2022337
-0.86272657,1.2276498
-0.65609801,1.2400986
-1.003361,1.1365093
-0.57369155,1.3326815
-0.51685554,
-1.0974944,1.1148912
-0.91240716,1.0993603
-1.0105411,
-1.0129095,1.4802833
-0.76633006,1.2057248
-0.80787313,1.169569
-0.87263685,1.2839966
-0.88697672,1.2472839
-0.24578792,
-0.61722314,
-0.90251559,1.3456644
-0.89418203,1.2531013
-1.0360572,1.3184782
-1.0036384,1.307284
-1.0752131,1.2889221
-1.1209277,1.342729
-0.964351,1.1112272
-0.64165944,1.1361539
-0.76704878,1.0865239
-0.88029569,1.2269541
-1.1737032,1.142388
-0.60531759,1.6013538
-0.86702687,1.1627525
-0.29275328,
-0.84825778,1.119889
-1.1325095,1.280375
-0.92833048,1.3215039
-0.7700451,1.2183172
-0.56220388,1.3628401
-0.48596659,1.210668
-0.86361116,1.156026
-1.1440171,1.3320143
-0.69869876,1.1947132
,
-0.63024968,1.4062837
-0.67531544,
-1.0992824,
-0.40424412,1.3108926
-1.1164556,1.3245898
-1.0869603,1.1360953
-0.67173028,
-0.65666038,1.2466202
-1.0062659,1.4051472
-1.1029168,1.6643618
-0.8773433,1.6051241
-0.56508583,1.1707474
-1.0209036,1.9709091
-0.78487527,1.5289555
,
-1.0756383,2.3727829
-0.95602012,
-1.0768559,1.1741716
-0.83126795,1.6438289
-0.91802996,
-0.96185613,
-1.218436,1.717878
-0.95817977,1.2815779
-1.1182997,
-0.89206928,1.2254354
-0.95033216,1.8171414
-0.73537016,1.2521125
-1.1705954,1.3721327
-0.93516666,1.1272945
-1.1370001,1.6075228
-0.95573425,1.4071108
-1.0357335,
-0.96759087,1.867789
-0.9845311,1.6747103
-1.2144319,1.3038746
-0.69804204,1.4054587
-0.89738792,1.3266073
-1.1586176,1.2937177
-1.0512668,1.7060739
-0.69665134,1.4246277
-0.67286819,
-1.1626884,
-0.49168143,1.2829449
,
-0.97288454,1.4006867
-0.51302016,
-1.0033709,1.8758955
-1.136956,
-0.86922491,1.2277784
-0.93216872,1.4548984
-1.1037024,
-0.83710283,1.8577354
-0.74912399,1.3129435
-0.73619264,
,
,-1.2809849
,
,
,
,
,
,
,
,
,
,
,
,
,
,
,
,
,
,
,
,
,
,
,
,
,
,
,
,
,
,
,
,
,
,
,
,
,
,
-1.1982338,1.1847849
-1.0175172,
-1.519904,1.1010873
-0.90626806,1.2912698
-1.2057379,1.1329913
-1.1336849,
-0.94626904,1.2220714
-1.1733955,1.3357506
-0.95063949,
-1.0586821,
,
-1.2494712,1.0973879
-0.81522322,
-1.2898005,1.2671766
,
-0.67629802,1.1971631
-1.2915121,1.0804682
-1.0175582,
,
,
,
,
,
,
,
,
,
,
,
,
,
,
,
-0.69391817,1.1375431
-1.0110991,1.4173722
-0.79736054,1.2570412
-0.85486013,1.1967314
-0.94496793,1.367151
-0.82141221,1.4815245
-0.74981302,1.3323822
-0.91540372,1.2483358
-0.80009669,1.3196845
-1.0354122,1.5595616
-0.69697362,1.3513716
-1.0352116,1.3079032
,
-0.73111469,1.2855399
-0.58896214,1.5198188
-0.83193988,1.1550727
-0.98583442,1.1567705
-0.76858681,1.1620748
-0.63901258,1.1305114
,
-0.7293818,1.2433932
-0.70094758,1.1089357
-0.71387637,
,-0.50500226
-0.81295323,1.5391866
-0.78576171,1.3332973
-0.90116185,1.4071505
-0.5721336,1.1184189
-1.0669166,1.4963427
-1.0325428,1.1742398
-1.036301,1.3703216
-0.47132471,1.1917722
-0.82052869,1.2614527
-0.53558707,1.4009925
-0.93620211,1.4542812
-0.61315447,1.16271
-0.37751225,1.2420149
-0.77350295,1.1016188
-0.86711752,1.2374909
-0.98707527,1.5851727
-0.70927316,1.5313104
-0.60617059,1.2663945
-0.75270617,1.3453295
-0.79016274,1.2692173
-0.88871235,1.5367682
,
-1.0086584,1.432609
-0.65536863,1.7359006
-0.83514214,1.3803301
,
,
-1.0037534,
-1.3093929,1.418819
-0.48622882,
-0.73075837,1.3519244
-0.66776407,1.2525976
-1.4084715,1.5127896
-1.0825561,1.3622153
-0.66344959,1.4208853
-0.74500465,
-1.1095666,
-1.078244,
-0.91823977,
-1.0960945,
-1.0512028,
-1.1531436,1.4262751
-1.2183399,1.3640958
-1.1991303,1.6076713
-0.93281257,
-0.88552177,1.2483981
-1.0129832,
-1.0118154,
-1.0477086,
-0.96710545,1.202014
-0.84533811,1.158442
-1.154721,1.3089316
-0.98378861,1.190501
-0.66371244,
-0.93577468,1.2775595
-0.83314377,1.1510208
-1.1694461,1.1372778
-0.89219016,
-0.82899237,
-1.2074064,1.4094671
-1.0474221,
-1.0105048,
-0.85910052,1.2759924
-0.61899102,
-1.123628,
-1.0081127,
-0.87388635,
-1.1940978,1.1915466
-1.0470361,
-0.83214062,1.1799072
-1.1244158,
-0.84935349,
-0.7180028,
-1.0694785,
-1.2164257,1.3878412
-0.56224549,
-0.67704296,
-1.1509173,1.6474605
-1.2379022,1.258523
-1.0227195,
-0.70382053,1.2413965
-1.0256113,1.1356471
-0.91255599,1.2922037
-1.1749359,1.6463121
-1.0008787,
-1.0480826,1.4397486
-0.85395014,
-0.86453432,1.2600613
-1.2633806,1.3272167
-0.77117419,1.2131784
-1.2124133,1.2961425
-1.1410711,
-1.1367103,1.5803734
-0.80127674,1.3565412
-0.73220366,1.344033
-1.0394939,
-1.0322373,1.3617765
-0.5485782,
-1.1120188,1.1150335
-1.1122909,
-1.06777,
-0.88359082,1.1916337
-0.83308417,1.3477342
-0.75291866,1.374402
-0.84764737,1.2819531
-0.97037256,1.2161472
-0.86099941,1.4611552
-1.2252882,1.340035
-0.6359272,1.2060487
-1.0671982,
-0.60766119,1.2020561
-0.4579547,1.1657674
-0.51389915,
-0.97170049,1.247378
-0.77124715,1.1309695
-1.0105566,
-1.1344198,1.6581692
-1.0711334,
-0.8091172,1.1994933
-0.92546058,
-1.1669688,1.6338921
-0.95176995,1.1559237
-1.197699,1.2542841
-1.0321678,
-1.1086062,1.6041278
-0.57527584,
-0.8955375,
-1.1225419,1.1343294
-1.0399212,
-0.68906122,
-1.0278981,1.2963336
-1.1559454,
-0.58829916,
-0.46946943,1.4478102
-0.9232989,1.1381867
-1.2418073,
-0.91952151,1.2822994
-0.66902608,1.4415935
-0.90525872,1.4452676
-0.60789907,
-1.3518487,1.5004212
-1.0485471,1.1828438
-0.91217822,
-0.78960848,1.4766011
-1.085194,1.5396657
-1.1803361,1.6166601
-0.65884101,1.4734358
-0.78884667,
-1.0920744,1.3765867
-1.207077,
-1.192978,1.4012078
-0.83658206,1.2921906
-1.0047934,1.1383034
-1.0616134,1.5862799
-0.85913271,1.3704545
-0.54394132,1.3919557
-1.2266687,1.322798
-1.0174718,1.1904712
-1.007445,
-1.2308269,1.1426512
-0.94505328,1.6922792
-1.0764043,
-0.92188156,
-0.86345738,1.1116079
-1.0075428,1.2849137
-1.0321054,1.2796073
-0.59253496,1.1856904
-0.70532274,1.2891207
-0.8138752,1.2814562
-0.77739108,1.3101518
-0.59666067,1.1452124
-0.39747286,
-0.81511706,1.1509538
-0.73838061,1.200473
-0.3912307,
-0.74475724,1.2915559
-0.40692946,
-0.45862609,1.2791339
-1.2486523,1.6798137
-0.85678977,1.3067623
-0.60667396,
-0.71171087,1.2591795
-0.7534917,1.1691668
-0.8067919,1.5843135
-1.0520477,1.2890723
-0.58874357,1.2743787
-0.65646839,1.2670751
-0.65948033,
-0.30985123,
-1.205727,1.9064766
-0.58300209,
-0.72172248,1.3383248
-0.89031899,1.3566208
-0.58517182,
-0.89652431,1.3015429
-0.78898543,1.5274974
-0.74261606,1.3271203
-1.1963222,1.6667476
-0.81890404,1.4137101
-0.86187267,1.3690292
-0.39998889,
-1.0610405,1.3816252
-0.50194448,
-0.70122212,
-0.57153034,1.4204038
-0.67867172,1.2310442
-1.2940123,1.6295795
-0.67510653,1.2576824
-0.80261171,1.3960031
-0.39938006,1.4520078
-0.88607669,
-0.62169766,1.1232657
-0.99473292,1.4574323
-1.0629792,1.2369913
-0.90396535,1.1934679
-0.97387028,
-0.55677754,
-0.63948691,
-0.34135261,
-0.6037156,
-0.50936401,1.1651615
-0.82287121,1.2855438
-0.87207443,1.1871909
-0.63423884,1.633098
-0.57069063,1.2877179
-0.63282949,1.220033
-0.59149629,1.2883998
-0.78782463,
-0.90430242,
-1.0004618,1.1296577
-0.72290778,1.3421516
-1.0297432,1.2529702
-0.58579522,1.4563845
-0.83886623,1.4152793
-0.71184409,
-0.74931782,1.5388963
-0.74882424,
-0.78446531,
-0.86083156,1.4066319
-0.61040264,1.6176943
-0.90317506,1.5270814
-1.0271116,1.3658571
-0.68512195,1.5104856
-0.75128555,1.4788201
-0.60554618,1.3384229
-1.0163497,
-0.68479866,1.5397122
-0.51063323,
-0.63996255,1.1184022
-0.8042208,
-0.38043341,1.3540057
-0.71782899,
-1.0070075,1.3612874
-0.49247921,
-0.84733498,1.2244729
-0.59321946,1.3930514
-0.58792967,1.4499069
,-0.52378571
-0.65787643,1.4100093
-0.68077868,1.7273455
-0.96298981,1.350986
-1.0033989,
-0.83226216,1.2842326
-0.089427777,
-0.36715233,
,
,
,
,
,
,
,
,
,
,
,
,
,
,
,
,
,
,
,
,
,
,
,
,
,
,
,
,
,
,
,
,
,
,
,
,
,
,
,
,
,
,
,
,
,
,
,
,
,
,
,
,
,
,
,
,
,
,
,
,
,
,
,
,
,
,
,
,
,
,
,
,
,
,
,
,
,
,
,
,
,
,
,
,
,
,
,
,
,
,
,
,
,
,
,
,
,
,
,
,
,
,
,
,
,
,
,
,
,
,
,
,
,
,
,
,
,
,
,
,
,
,
,
,
,
,
,
,
-0.58852738,1.2443684
-0.71654516,
-0.31716618,
-0.25356194,1.3246789
-0.17522979,2.5571575
-0.51139635,1.3316547
-0.57667708,1.1567769
-0.48983011,1.3878078
-0.35624617,
-0.35755125,1.5278647
-0.62729216,1.4682343
-0.24192423,1.4244748
-0.61087596,1.4565122
-0.33275485,1.5314534
-0.7735666,1.4220967
-0.6347028,1.5210265
-0.74115133,1.3693841
-0.37917215,1.3654623
-0.88532543,1.6064564
-0.40826875,1.2577764
-0.46462747,1.3562156
-0.44215062,1.1944128
-0.34377822,1.3528903
-0.72181159,1.4734466
-0.37793288,1.9104806
-0.31591308,1.3371335
-0.33254546,1.7471327
0.48418382,0.34199604
-0.21605089,1.4242758
-0.25914446,3.8524535
-0.93722147,1.6319251
-0.29465789,1.5377797
-0.052300792,1.2781899
-0.60663337,1.5347463
-0.70831925,
-1.2501824,1.6612346
,
-0.52562332,
-0.68780935,1.1573534
-0.46907988,
-0.83360797,
-0.58826578,1.0931089
-0.75351423,
-0.69961929,1.1339444
-0.97804481,1.3104329
-0.69650799,1.1042361
-0.77168572,1.1333942
-1.0182317,
-0.80739003,1.2203017
-0.8852182,1.1354796
-0.61317074,1.1289914
-0.77567995,1.1222075
-0.898763,1.2214156
-0.50561643,
-0.87333906,1.2215225
-0.70929718,1.1953068
-0.65044159,1.2676117
-0.6645661,
-0.57401264,1.122244
-0.63082296,
-0.95767158,
-0.9529686,1.1276997
-0.88609457,1.1542063
-0.79571217,1.1494271
-0.69326115,1.1227458
-0.73979902,
-1.0202849,1.1858803
-0.51676625,1.0804596
-0.85051906,
-0.54956359,
-0.60424203,
-0.80983979,
-0.86754584,1.1768302
-0.3979573,
-0.61281472,1.2347823
-0.59653151,
-0.95324808,1.1503615
-0.48123783,1.1781213
-0.7202509,
-0.69446748,1.1418582
-0.76564562,1.2477125
-0.87423509,1.1491057
-0.43226904,1.1292558
-0.91274107,1.1843807
-0.83729434,1.2153721
-0.93990141,
-0.95734268,1.2207037
-0.61528885,1.1549584
-1.1462114,
-0.41954815,1.1443473
-0.75071365,1.1943887
-0.48702934,1.0994536
-0.68085593,1.1923418
-0.51522124,1.2359623
-0.29937038,1.2557259
-0.69498181,
-0.74145347,1.5839428
-0.48703942,1.1521233
-0.28062302,
-1.1743358,
-0.62970263,1.1268071
-0.8489759,
-0.58121175,1.2141367
-0.68111956,1.1564162
-0.62922865,1.3324298
-0.7919082,1.3430165
-0.49757373,1.1172808
-0.70660698,1.2817454
-0.74459344,1.1463367
-0.91815686,1.1686153
-0.51007658,1.225693
-0.8398242,1.3409462
-0.92717361,1.0710671
-0.72581863,1.072559
-0.52041376,1.2150081
-0.56215709,1.1565883
-0.45724466,
-0.80398071,1.2919798
-0.71115875,
-0.71800888,
-0.64934266,
-1.0633774,1.2861464
-1.1576864,1.1792257
-1.1204667,1.4585024
-0.97218078,1.17085
-1.0483778,1.3716583
-1.0269991,1.2689158
-1.0156466,1.3334894
-1.0805554,1.4407548
-1.1395618,1.3966849
-0.67807275,1.1346998
-0.97272182,
-1.1364293,1.4069577
-0.86578304,1.2396477
-1.0830593,1.30133
-1.0024838,1.2055457
-1.0762349,1.4677519
-1.1399511,
-1.2139009,1.4634029
-0.56842947,
-0.75033748,1.1460218
-1.2094587,1.4955033
-0.95295656,
-0.41078988,
-0.8207823,1.3780954
-0.98732394,1.2459443
-0.50868964,
-0.96078414,1.2341764
-0.96160543,1.2569731
-1.1418937,1.356656
-1.0948462,1.6630423
-0.64442277,
-0.82982111,1.2096727
-0.89740002,1.1852034
-0.41296491,
-1.2669637,1.6251028
-1.0878651,1.2687156
-1.0620235,1.3297697
-1.0345572,1.2843486
-0.69422328,1.4039201
-0.38172063,1.339686
-1.1669221,1.3634543
-0.51920462,1.3486414
-1.1064972,1.3096119
-1.1323289,
-0.63441199,1.1614881
-1.0747699,
-1.063082,1.5471447
-1.0946604,
-0.89056009,1.5232229
-1.0001919,1.1415552
-1.1831474,1.2991403
-0.65696007,1.4426694
,
,
-1.0774053,1.3976064
,
-0.51405865,
-0.36894932,
-0.79359287,1.2770022
-0.63987535,
-0.55736125,1.1569483
-0.5681926,1.198602
-0.62711346,1.3390018
-0.75115359,1.2827278
-1.0653812,1.4749749
-0.66000187,1.2550952
-0.79018396,1.2315454
-1.0175253,
-1.3374203,1.3320347
-0.70303774,
-0.60648078,1.4712058
-0.8435213,1.1781794
-0.6458295,1.2305503
-0.6457094,1.1955682
-0.54968333,1.238061
-0.66971713,1.2506766
-0.78579497,1.2128348
-0.88300782,1.4033161
-0.64561188,1.4377841
-0.43237135,
-0.60343099,
-1.1151763,1.3183694
-0.59238714,1.2398614
-0.48168191,1.1812761
-0.60427773,1.1585206
-1.2165968,1.3543682
-0.53235,1.4352864
-0.71298474,
-0.68071496,
-0.61887276,
-0.6742152,1.5579947
-0.9006511,1.1803991
-0.54848003,1.2257153
-0.79450834,1.2343702
-1.1917925,1.5056435
-0.51658016,
-0.52378315,
-0.8481304,2.4229429
-0.85374284,1.6064403
-0.84933686,1.5451496
-0.97555697,1.1505045
-0.94956601,
-0.84365642,1.1369931
,
-0.55516487,1.3330609
-0.80333948,1.4701527
,
,
-0.52112901,
-0.13055478,
-0.2772598,
0.066154636,
-0.35678425,
-0.24082294,
-0.28662479,1.2738647
-0.5173617,
0.016706679,
0.016604844,
-0.39108753,
-0.15942805,
-0.10359801,
-0.34819797,
-0.049624112,
0.081043795,
-0.052649256,
0.052142151,
-0.11181355,
-0.15127382,
-0.13156502,
-0.050952505,1.1267135
-0.18176067,1.2588323
-0.09819486,
-0.33014932,
-0.10592378,
-0.21239391,1.1439931
-0.28763893,
-0.063420124,
-0.10003028,
-0.1639441,
-0.24649024,
-0.08664079,1.4178835
0.19759874,
-0.19291954,1.1816838
-0.16547702,
0.48113602,
-0.11872559,1.1708372
0.0079415897,
-0.16115642,
-0.13271712,
-0.14065111,1.1983082
-0.43278247,
-0.083877526,
-0.14413545,
-0.33674473,
0.3295109,0.53337967
-0.18255883,
-0.40678531,
-0.073551387,1.2840587
0.044226553,
-0.13181387,1.2049631
-0.32227612,
-0.10125286,1.2046278
-0.1956386,
,
-0.16694099,
0.10782441,
-0.24675998,1.3904297
0.31940871,
-1.1073636,
-0.07217294,1.1587787
-0.10420095,1.2999797
-0.34881458,
-0.69755387,1.2094903
-0.83825135,
-0.73038971,1.1948047
-0.74833649,
-0.89236659,
-0.91335076,1.2756858
-0.909554,1.1144054
-0.96543378,
-0.75865126,1.2477334
-1.0348417,
-0.95051628,1.2311908
-0.82303947,1.31024
-1.0573384,
-0.81961221,
-1.0423598,1.2806766
-0.68595672,1.1988415
-0.84220761,
-1.1143112,1.3110483
-0.8800742,1.1673084
-0.87566662,1.2071166
-0.86869776,1.218516
-0.47127485,1.3882731
-1.0244914,
-0.45471838,
-0.76534653,1.2572815
-1.0095466,
-0.8657825,1.2740725
-0.73387134,1.1631601
-1.0372719,1.3320217
-1.0242364,1.2268842
-0.620507,1.4023057
-0.65731281,
-1.1418185,1.2146572
-1.0176502,
-0.642048,1.2040712
-1.2081561,1.3590686
-0.64714617,1.2650049
-0.6127131,1.182981
-1.0342298,1.3138651
-1.0383692,
-0.92176485,1.4117949
-0.55211085,1.1870592
-1.1301054,
-0.81041926,1.3334838
-0.84803784,1.3248158
-0.52710736,1.2200191
-0.98253441,1.4309239
-1.0210136,1.3108722
-0.98599619,1.1825551
-0.54654205,
-1.0199066,1.3145955
-0.83257031,1.1929318
-0.91208118,1.3801327
-0.3911337,1.1572738
-0.82103169,1.1980594
-0.89276183,1.4018974
-0.62385309,1.3212188
-0.78644055,1.3294985
-0.95938736,1.5032074
-0.57889694,1.1610765
-0.58991808,1.2439426
-1.0946609,1.3225627
-1.193589,
-0.66710126,
-1.2066172,1.3258337
-0.52979362,1.1764548
-0.72967499,
-0.75938237,1.1414919
-1.1045278,
-1.0019702,1.2781256
-1.0165663,1.3671708
-1.0183148,1.2101043
-0.49254885,1.173139
-0.57464635,1.4996377
-1.0246245,1.3189031
-0.49862683,1.1161872
-0.94452107,1.2102009
-0.77717948,
-0.80537337,1.3993938
-0.54581481,
-1.0026385,
-0.56998295,1.2637246
-0.78451341,
-1.0485305,1.3402433
-1.093269,1.224413
-0.24388587,
-0.63474292,
-0.88514119,
-0.2412893,
-0.10172781,
-0.25524104,
-0.63217425,
-0.21915874,
-0.75277215,
-0.4886606,
-0.073956065,1.6087567
-0.43839508,
-0.35485801,
-0.23348846,1.3290383
-0.33780244,
-0.35483161,
-0.15411384,1.1640339
-0.34078765,
-0.59473103,
-0.013294528,
-0.28421029,
-0.090365514,1.2766261
-0.38603181,
-0.23222759,1.2537804
-0.91905385,1.1897283
-0.70992631,1.1079894
-0.58075953,
-0.44251174,1.4358987
-0.60019302,
-0.57380384,
-0.76588434,
-0.10400266,1.3553493
-0.55660939,
-0.37552279,1.240165
-0.3168585,1.4460742
-0.29508415,
-0.19108476,1.2454829
-0.17502309,1.1342014
-0.38841963,1.3838047
-0.50893444,
-0.059732195,1.1978184
-0.13230023,
-0.056613088,1.1542149
-0.056348015,
-0.22421344,1.6308537
-0.26738787,
-0.38522163,1.1732903
-0.30396754,
-0.86669546,
-0.25119102,1.4742421
-0.63340354,1.3628412
-0.36214203,
-0.71656156,
-0.49294484,1.2277613
-0.46833602,
-0.54370153,1.279132
-0.10403134,1.3851725
-0.61964011,
-0.40831128,
-0.51556528,
-0.041115355,
-0.3132621,
-0.22103392,
-0.14253493,1.4061316
-0.48991898,
-0.40628937,1.4924198
-0.98025966,
-0.17576872,1.498081
-0.72193927,
-0.56645232,1.5669994
-0.36889973,1.4647571
-0.61952758,1.2269746
-0.76964027,1.2580899
-0.89177316,1.3915995
-0.71046865,1.1908042
-1.0872781,1.2410468
-0.97794962,1.1993843
-0.94891495,
-1.1149713,1.1375341
-0.81381321,1.2442641
,
,
-0.86155099,1.3979284
-1.0862128,1.4004014
-0.81203359,
-1.2090369,
-0.70548815,1.6921971
-1.0929382,1.2209003
-1.1023554,1.6932391
-0.37829357,1.1400676
-0.66801095,
,
-0.77154899,
-1.0732549,1.1863347
-1.0640143,1.3404707
-1.1203021,1.3997682
-1.0554848,1.2667978
-0.64115566,3.7681916
-1.2611562,
-0.87612051,1.5686357
-0.96600688,
-1.1735801,1.2132019
-0.84688103,1.1997508
,
,
-0.91124451,
-1.2430249,1.4928496
-0.61510909,
,
,
,
,
,
,
-0.55209714,
-0.94449562,1.2499998
-1.075139,1.2077564
-0.8684994,1.2843401
-0.90949506,
-0.88522732,1.1662332
-1.0219913,1.2501972
-1.0693207,
-1.0187157,1.2307351
-0.90350914,
-1.1397262,1.1769487
-0.91078568,1.1613367
-0.81515265,
-0.92290622,
-1.0532099,1.1677905
-0.80819416,
-0.8523159,
-1.0048996,
-1.0135552,
-0.72175992,
-0.96441197,
-0.86467773,
-0.95967335,1.2132051
-0.96187222,
-0.95116758,
,
-0.95938945,1.2442805
-0.90165591,
-0.7168209,1.3491513
-0.72499317,1.1047988
-1.0183227,
-0.82021314,1.1444353
-0.85311043,1.1987983
-0.94285977,1.1353095
-0.85996985,
-0.95579839,1.1846554
-0.67228192,
-0.88022047,
-1.0524551,1.3438231
-0.95949626,
-0.83534575,1.1800314
-0.89349532,
-0.90626264,
-1.0394886,1.3531283
-0.80828905,1.2204915
-1.0637248,1.3548099
,-52.368401
-0.9019745,1.1964034
-0.91658932,1.2005581
-1.1114811,1.188675
-0.85633308,1.2154709
-1.0282408,1.2490796
-1.0818528,
-0.83271444,1.2289656
-1.0067942,1.397881
-0.83076453,
-0.94863737,1.1154034
-1.0582693,
-0.75666612,1.1821573
-1.026852,
-0.39747894,
-1.032041,1.3589005
-0.86847502,
-0.92373139,
-0.7681073,1.1920196
-1.1725129,1.1618743
-0.88452399,
-1.0784498,
-0.61515141,
-1.0596275,1.1870416
-0.87893027,1.1622083
-0.99040508,1.2478918
-0.40856972,
-0.77991909,
-1.0152358,
-0.40119967,1.4351444
-0.14302936,
-0.41281024,3.6217191
0.35736132,0.18996651
0.50484389,0.2682271
1.071359,0.13622488
-0.489429,1.4888967
-0.37814966,
0.89604127,0.23773696
0.31306082,-0.2058093
0.67917043,0.15911347
-0.34813035,
0.59990251,0.23427819
0.42844579,0.40005451
0.53554392,0.39170387
0.7585097,0.37978068
1.2847632,0.27323374
0.72927684,0.24873483
0.61489356,0.19012338
0.70500141,0.39831638
0.38127759,
0.019801846,0.40864357
0.16974838,0.79547334
0.90843141,0.42549449
0.95999968,0.24770436
-0.39963451,
0.68716294,0.13155998
0.82567155,0.13573028
0.4073737,0.080257341
0.16577645,0.69852686
0.1346374,0.63565701
0.44363478,0.26736799
0.60550892,0.35174567
0.39884987,0.23430456
0.76984209,-0.40354094
0.59062582,0.42291212
0.022717813,0.58638757
0.43550155,0.053072162
0.60203832,0.53951293
0.041641913,-0.49515289
0.64681202,-0.0072343289
0.24733138,-0.044832341
0.46343175,0.28545737
,
,
0.43121144,0.080640383
0.31946307,0.2065711
0.63420069,0.028513351
-0.014572487,0.2095405
-0.095699549,0.14456485
0.9879818,0.23199208
0.21969962,0.4343062
0.32879448,0.64461279
0.39967632,0.34559828
0.74132198,0.095415592
0.96703732,0.35180157
0.47769693,0.17632131
0.27472782,-0.084369712
,
0.16481933,0.22342134
0.4618271,0.06447693
0.59511364,0.50030702
-0.24818923,3.0363853
,
-0.17016892,89.975212
-0.59499836,
-0.32093945,1.4730159
0.52390969,-0.48440233
0.53558654,0.028252823
0.18297958,0.45855063
0.90508705,0.34163395
0.24122117,-0.8107425
0.48437604,-0.28187919
,
0.91052115,-0.64372712
,
0.52546191,0.27745065
0.67756236,0.11851794
0.70653564,0.58403319
-0.75606209,1.6568078
0.57591993,0.29099309
-0.47835386,1.4238901
,
0.19674979,-0.043871216
0.023831153,-0.6184746
,
0.20547582,0.042472824
1.1925104,0.60661888
-0.12203317,0.61675471
,
0.87982482,-0.12577988
,
0.15446635,0.079763629
0.0042565973,0.36000577
0.89507353,0.16403484
0.19801752,-0.09656962
0.73203802,-0.13046432
0.53257376,
,
,
0.33012021,0.037280399
,
0.59628242,0.26993081
0.21882284,6.9806557
,
0.12676795,0.5236873
,
,
0.52658743,0.27336743
,
